# R script for Peak Model
#  -- generated by MACS
p <- c(0.033389060145,0.034285509383,0.0351672627319,0.0361077996374,0.036857289984,0.0376655638871,0.0386354925709,0.0393849829175,0.0405018704928,0.0413689279525,0.0422212895231,0.0429413880914,0.0437790537728,0.0446755030109,0.0456160399164,0.046468401487,0.0472766753901,0.0482906917414,0.0490989656445,0.0501717655524,0.0510535189013,0.0517736174695,0.0526847625967,0.0534342529433,0.0540661761767,0.0548744500798,0.0559472499877,0.0567849156691,0.0576372772397,0.0585043346995,0.0595330469398,0.0604735838453,0.0613406413051,0.0620754357625,0.0630747562246,0.0638977260169,0.0646619122526,0.0654114025992,0.0656024491581,0.0656465368255,0.065587753269,0.0657053203821,0.0658081916062,0.0660433258326,0.0660139340543,0.0661608929457,0.0663519395047,0.0663078518372,0.0664695066179,0.0662784600589,0.0662931559481,0.0663372436155,0.0665723778419,0.0666899449551,0.0668075120683,0.0667193367334,0.0666164655093,0.0666458572876,0.0666458572876,0.0668222079574,0.0668515997357,0.0667193367334,0.0668956874032,0.0665429860636,0.0665723778419,0.0664988983961,0.0668956874032,0.0672630846319,0.0671896051861,0.0671602134078,0.0673512599668,0.0669544709597,0.0673071722993,0.0673512599668,0.0675863941931,0.0674100435233,0.067674569528,0.0677627448629,0.0677627448629,0.0675863941931,0.0675863941931,0.067674569528,0.0676598736389,0.0678362243086,0.0676451777497,0.0677186571955,0.0676451777497,0.0678215284195,0.0679390955327,0.067968487311,0.0678215284195,0.0677774407521,0.0678656160869,0.0675570024148,0.0676892654172,0.0674982188582,0.0677039613063,0.0679390955327,0.0681301420916,0.0681595338699,0.0682183174265,0.0682477092048,0.0681301420916,0.0681889256482,0.0682330133157,0.0680272708676,0.0677480489738,0.0676598736389,0.0677186571955,0.0678509201978,0.067571698304,0.0677480489738,0.0680272708676,0.0681154462025,0.067968487311,0.0680125749784,0.0679243996435,0.0678803119761,0.0677627448629,0.0676451777497,0.0679390955327,0.0679097037544,0.0679243996435,0.0677333530846,0.0675863941931,0.0677921366412,0.0678656160869,0.0677480489738,0.0676304818606,0.0677627448629,0.0677186571955,0.0677774407521,0.0677774407521,0.067968487311,0.0678362243086,0.0676892654172,0.0677480489738,0.0678362243086,0.0678803119761,0.0680272708676,0.0682917968722,0.0683064927614,0.0680566626459,0.0677774407521,0.0678656160869,0.0678656160869,0.0676892654172,0.0677921366412,0.0675276106365,0.0674688270799,0.0673953476342,0.0673218681885,0.0675423065257,0.067571698304,0.0675863941931,0.0676451777497,0.067968487311,0.0678362243086,0.0676598736389,0.0677480489738,0.0678215284195,0.0677333530846,0.0679537914218,0.0681301420916,0.067968487311,0.0679831832001,0.0683211886505,0.0684240598746,0.0685122352095,0.0691147666646,0.069158854332,0.0691441584428,0.0689678077731,0.068762065325,0.0686444982118,0.0686444982118,0.0690118954405,0.0693499008909,0.069261725556,0.0693645967801,0.0692911173343,0.0694968597824,0.0696438186739,0.0697319940088,0.0696732104522,0.0698348652328,0.0700112159026,0.0699230405677,0.0698642570111,0.0695997310064,0.0697466898979,0.0700259117917,0.0701140871266,0.070246350129,0.0704961802445,0.0704814843553,0.070246350129,0.0699818241243,0.0698642570111,0.069952432346,0.0700993912375,0.0703198295747,0.0704080049096,0.0707019226926,0.0707019226926,0.0705843555794,0.0705696596902,0.0707166185817,0.0709370569189,0.0706725309143,0.0708047939166,0.0708635774732,0.0708635774732,0.071039928143,0.0712162788128,0.0712603664802,0.0711281034779,0.0711721911453,0.0711721911453,0.0714808048174,0.0715542842632,0.0717894184895,0.0718922897136,0.0721568157183,0.0721127280508,0.0721421198291,0.0722890787206,0.0726711718384,0.072333166388,0.0720392486051,0.0722009033857,0.0723625581663,0.0724801252795,0.072729955395,0.0729063060648,0.0730973526237,0.0732590074044,0.0731855279586,0.0732002238478,0.0731855279586,0.0735088375199,0.0737733635246,0.0736851881897,0.073714579968,0.0737733635246,0.0735676210765,0.0736264046331,0.0737880594137,0.0738468429703,0.0742436319773,0.0742877196448,0.0744493744254,0.0745375497603,0.0744052867579,0.0746404209843,0.0747285963192,0.0752429524394,0.0755662620007,0.0755809578898,0.0757573085596,0.0758454838945,0.0758748756728,0.0762716646798,0.0766537577976,0.076888892024,0.0774914234791,0.0775942947031,0.0775208152574,0.077579598814,0.0777118618163,0.0781527384908,0.0783878727171,0.078769965835,0.0791373630637,0.0796076315165,0.0803718177522,0.0805334725328,0.0804452971979,0.0807392149809,0.0810331327638,0.0812388752119,0.0815915765515,0.081841406667,0.0822528915631,0.0825762011244,0.0830170777989,0.0833991709167,0.0837959599237,0.0840310941501,0.0843103160439,0.0845307543811,0.0849569351664,0.0854272036192,0.0857358172913,0.0863089569681,0.0866616583076,0.0872641897627,0.0875728034348,0.087984288331,0.0881753348899,0.0887925622342,0.0892187430195,0.0897184032505,0.0900123210335,0.0905119812645,0.0911732962762,0.091158600387,0.0917023482855,0.0920697455142,0.0924371427429,0.0927604523042,0.0930249783089,0.0933629837593,0.0939508193252,0.094421087778,0.0947590932284,0.0949942274547,0.0952734493486,0.095817197247,0.0966842547068,0.0971251313812,0.097301482051,0.0977570546146,0.0982567148457,0.0986388079635,0.099079684638,0.0995352572016,0.100049613322,0.10043170644,0.100857887225,0.10110771734,0.101548594015,0.10146041868,0.10179842413,0.102165821359,0.102430347364,0.10266548159,0.103062270597,0.10317983771,0.103635410274,0.104076286948,0.104546555401,0.104840473184,0.105237262191,0.105398916972,0.105957360759,0.105883881314,0.106310062099,0.10663337166,0.10714772778,0.107206511337,0.107250599004,0.107706171568,0.108117656464,0.108396878358,0.108778971476,0.109146368705,0.109484374155,0.109925250829,0.110028122053,0.11026325628,0.110660045287,0.110895179513,0.111203793185,0.111747541084,0.111865108197,0.112232505426,0.112526423209,0.112614598544,0.112981995772,0.113261217666,0.113378784779,0.113628614895,0.11405479568,0.114378105241,0.114613239468,0.114848373694,0.115245162701,0.115465601038,0.115862390045,0.116553096835,0.116744143394,0.117434850184,0.117625896743,0.117890422748,0.118522345981,0.11888974321,0.119271836328,0.119506970554,0.120109502009,0.120374028014,0.120844296467,0.121182301917,0.121535003257,0.121873008707,0.121858312818,0.122005271709,0.122446148384,0.122798849723,0.123004592171,0.123357293511,0.123607123627,0.123754082518,0.123783474296,0.124106783858,0.124268438638,0.124782794758,0.124988537206,0.125635156329,0.126355254897,0.126928394574,0.127413358916,0.128104065706,0.128456767045,0.129250345059,0.129397303951,0.129955747739,0.130088010741,0.13061706275,0.130866892866,0.131807429771,0.132233610557,0.132821446123,0.132983100903,0.133482761134,0.13389424603,0.134364514483,0.134849478825,0.135246267832,0.135848799287,0.136348459518,0.136862815638,0.137288996424,0.137759264876,0.138097270327,0.138626322336,0.139037807232,0.139346420904,0.139978344138,0.140639659149,0.141256886494,0.141756546725,0.142109248064,0.142476645293,0.142711779519,0.143284919196,0.143637620536,0.144181368434,0.144328327326,0.144636940998,0.145092513561,0.145577477903,0.145856699797,0.146047746356,0.146606190144,0.146635581922,0.146723757257,0.147135242153,0.147546727049,0.147781861276,0.14822273795,0.14839908862,0.148810573516,0.149133883077,0.149501280306,0.149883373424,0.150368337766,0.150574080214,0.151029652777,0.151000260999,0.151176611669,0.151397050006,0.151793839013,0.151896710237,0.152146540353,0.15252863347,0.152778463586,0.152940118367,0.153101773147,0.153689608713,0.153880655272,0.154453794949,0.154145181277,0.154541970284,0.154703625064,0.154674233286,0.154865279845,0.155144501739,0.155115109961,0.15529146063,0.15495345518,0.154938759291,0.154512578505,0.154424403171,0.15426274839,0.154468490838,0.154159877166,0.153616129267,0.153689608713,0.153998222385,0.153821871715,0.153733696381,0.153689608713,0.153410386819,0.153189948482,0.152675592362,0.152425762246,0.152440458136,0.152264107466,0.152161236242,0.152131844463,