# R script for Peak Model
#  -- generated by MACS
p <- c(0.036084204269,0.0369191002493,0.0377539962296,0.0384386109335,0.0393236006726,0.0401084028941,0.0410100905528,0.0417781948547,0.0426464866742,0.0435982680918,0.0443663723937,0.0454016434092,0.0463200289876,0.0470380395307,0.0480733105462,0.048974998205,0.0497431025069,0.0505279047283,0.0513461027891,0.052281186287,0.0528990093124,0.0539509782476,0.0547858742279,0.0558044473239,0.0566226453846,0.0574241455257,0.0584093227825,0.059194125004,0.059912135547,0.0607971252862,0.0619158858998,0.0626505943624,0.0637025632976,0.0647378343132,0.0657731053288,0.0667081888268,0.0676265744051,0.0684113766266,0.0682276995109,0.0682944911893,0.0681275119933,0.068010626556,0.0679772307168,0.0680941161541,0.0682110015913,0.0680774182345,0.0680774182345,0.0677434598423,0.0676098764855,0.0677100640031,0.0674762931286,0.0674261993698,0.0672258243345,0.0673260118522,0.0672091264149,0.0675096889679,0.067376105611,0.0675597827267,0.0676098764855,0.0675764806463,0.0677100640031,0.06784364736,0.0677267619227,0.0676933660835,0.0676933660835,0.0679438348776,0.0678269494404,0.0677434598423,0.0680440223952,0.0680941161541,0.0679772307168,0.0681609078325,0.0680440223952,0.0678937411188,0.0678102515208,0.067459595209,0.0676098764855,0.0677267619227,0.067927136958,0.0682944911893,0.0682944911893,0.0684614703854,0.068394678707,0.0686284495815,0.068945710054,0.0689791058932,0.0689958038128,0.0690125017324,0.0691794809285,0.0694299497226,0.0692295746873,0.0691460850893,0.0692963663657,0.069413251803,0.0695134393206,0.0695301372402,0.0698306997931,0.0698306997931,0.0696136268382,0.0695635330794,0.0697138143559,0.0697305122755,0.0696136268382,0.0698640956323,0.0700143769088,0.0701813561048,0.06996428315,0.0702481477833,0.0699308873107,0.0698974914715,0.0697806060343,0.0696971164363,0.0696136268382,0.0699141893911,0.06996428315,0.0699809810696,0.0698807935519,0.0698306997931,0.070131262346,0.0700310748284,0.0699976789892,0.070047772748,0.070047772748,0.0702481477833,0.0703483353009,0.0702815436225,0.0701479602656,0.0700310748284,0.0702147519441,0.0701813561048,0.0702147519441,0.0697973039539,0.0700143769088,0.0698807935519,0.0699976789892,0.0700143769088,0.0698473977127,0.0695301372402,0.0698140018735,0.0697806060343,0.0697138143559,0.0697639081147,0.0694299497226,0.0694800434814,0.0695134393206,0.0696470226774,0.0696637205971,0.0693297622049,0.0692462726069,0.0693130642853,0.0690458975716,0.0693130642853,0.0692629705265,0.0693798559637,0.0692796684461,0.0691293871697,0.0691961788481,0.0691794809285,0.0691293871697,0.0692796684461,0.0689123142148,0.0688121266971,0.0689958038128,0.0688455225363,0.0688455225363,0.0689123142148,0.0689290121344,0.0689624079736,0.0690792934108,0.0691460850893,0.0691293871697,0.0692295746873,0.068945710054,0.0689958038128,0.0694466476422,0.0692295746873,0.0691460850893,0.0692963663657,0.0693130642853,0.0691627830089,0.0691293871697,0.0689123142148,0.0687954287775,0.0686785433403,0.0690959913304,0.0692963663657,0.0692963663657,0.0693631580441,0.0695134393206,0.0692295746873,0.0692629705265,0.0693798559637,0.069496741401,0.0697806060343,0.0693798559637,0.0692963663657,0.0694466476422,0.0695468351598,0.0695635330794,0.0697138143559,0.0697973039539,0.0697472101951,0.0697973039539,0.0700811685872,0.0699141893911,0.070047772748,0.0701813561048,0.0704652207381,0.0706155020146,0.0707490853715,0.0705654082558,0.0707824812107,0.0709828562459,0.0711665333616,0.0709828562459,0.0710997416832,0.0714670959145,0.0714170021557,0.0719012418243,0.0722185022968,0.0722185022968,0.0723186898144,0.0724355752517,0.0726192523673,0.0725691586085,0.0727528357242,0.0729198149203,0.0728530232418,0.0729532107595,0.072802929483,0.0730867941163,0.0734374504281,0.0737881067398,0.0737881067398,0.0740385755339,0.0739216900966,0.0741554609711,0.0745395131221,0.0747565860769,0.0746730964789,0.0746397006397,0.0747899819162,0.0750404507102,0.0752742215847,0.0752909195043,0.0753744091024,0.0756582737357,0.0757083674945,0.0763428884395,0.0766935447513,0.076576659314,0.0767937322689,0.0769106177061,0.077044201063,0.0771610865002,0.077511742812,0.0779458887217,0.0785971075864,0.0791481389334,0.0793652118883,0.0791314410138,0.0789978576569,0.0791314410138,0.0795488890039,0.0794320035667,0.0795488890039,0.0794320035667,0.0794487014863,0.0795989827627,0.0798494515568,0.0802835974666,0.0805340662607,0.0808012329744,0.0811184934469,0.0813856601606,0.0817196185527,0.0819032956684,0.0821871603017,0.082554514533,0.0826380041311,0.0829719625232,0.0831556396389,0.0834729001114,0.0834729001114,0.0835563897094,0.0837567647447,0.0841742127348,0.0844580773681,0.0843912856897,0.0850091087151,0.0853263691877,0.0856436296602,0.0860276818111,0.0863115464444,0.0865787131581,0.0867623902738,0.0870128590679,0.0869961611483,0.0872967237012,0.0876640779325,0.0882151092795,0.0885991614305,0.0890500052598,0.0894507553304,0.0898849012402,0.0902522554715,0.0906196097028,0.0907531930597,0.090653005542,0.0910537556126,0.0913710160851,0.091671578638,0.0919053495125,0.0922560058242,0.0924897766987,0.0928905267693,0.0931242976438,0.0930241101261,0.0934081622771,0.0937421206692,0.0942430582574,0.0946271104083,0.0944768291319,0.0948775792024,0.0949610688004,0.0948775792024,0.095528798067,0.0959462460572,0.0961800169317,0.096463881565,0.096931423314,0.0972152879473,0.0975325484198,0.0976327359374,0.0980501839276,0.0982672568825,0.0986847048726,0.0990854549432,0.0994027154157,0.0992691320588,0.0996531842098,0.0999871426019,0.10050477811,0.101039111537,0.101473257447,0.101656934563,0.101940799196,0.102324851347,0.102558622221,0.103076257729,0.103410216121,0.103861059951,0.104061434986,0.104579070494,0.104946424725,0.105280383117,0.105697831107,0.106215466615,0.106516029168,0.106983570917,0.107100456354,0.107501206425,0.107901956495,0.107801768978,0.108068935691,0.108018841932,0.108452987842,0.108770248315,0.109287883823,0.109722029732,0.110089383964,0.110273061079,0.11065711323,0.111274936256,0.111625592567,0.111809269683,0.111842665522,0.112176623914,0.11237699895,0.112560676065,0.112928030297,0.113479061644,0.113529155403,0.113963301312,0.114414145142,0.115115457765,0.115399322398,0.115883562067,0.116785249726,0.116634968449,0.1170190206,0.117686937384,0.118204572892,0.119173052229,0.119707385657,0.119874364853,0.119974552371,0.120492187878,0.121460667215,0.121928208964,0.122212073598,0.122479240311,0.122646219508,0.123447719649,0.124299313549,0.124950532413,0.125134209529,0.125551657519,0.125685240876,0.126035897188,0.125868917992,0.126319761821,0.126904189007,0.127288241158,0.127889366264,0.128774356003,0.12934208527,0.129926512456,0.130494241722,0.130343960446,0.130694616758,0.130945085552,0.131245648105,0.13186347113,0.131997054487,0.132314314959,0.13271506503,0.132514689995,0.132898742146,0.133216002618,0.13354996101,0.134434950749,0.134551836187,0.134919190418,0.135169659212,0.1356705968,0.136271721906,0.137023128288,0.137173409565,0.13782462843,0.138592732731,0.139143764078,0.139444326631,0.13991186838,0.140012055898,0.140212430933,0.140730066441,0.141247701949,0.141882222894,0.142082597929,0.142266275045,0.142683723035,0.14331824398,0.143819181568,0.144103046201,0.144654077548,0.144687473388,0.145288598494,0.14585632776,0.146106796554,0.146490848705,0.146641129982,0.146991786293,0.147325744685,0.14712536965,0.147826682274,0.148027057309,0.148077151068,0.148544692817,0.148511296978,0.148277526103,0.148444505299,0.148661578254,0.148745067852,0.148594786576,0.148711672013,0.149045630405,0.149396286717,0.149563265913,0.149513172154,0.149429682556,0.149563265913,0.15009759934,0.149964015983,0.150498349411,0.150364766054,0.150865703642,0.150815609883,0.150798911964,0.150899099481,0.15094919324,0.150631932767,0.151099474516,0.151233057873,0.151316547471,0.151667203783,0.151850880899,0.151850880899,0.15178408922,0.15178408922,0.15178408922,0.151433432909,0.151667203783,0.152168141371,0.152285026809,0.152518797683,0.152485401844,0.152101349693,0.151951068416,0.15178408922,