# R script for Peak Model
#  -- generated by MACS
p <- c(0.0337224471133,0.0342603924311,0.0350168780343,0.0358406068023,0.0367652003174,0.0376729830413,0.0384799010181,0.0395557916538,0.0406484930807,0.0416067081781,0.0424136261549,0.043069247011,0.0437248678672,0.0446998937558,0.0455572441061,0.0464818376212,0.0473728095539,0.048112484366,0.0488689699692,0.0496926987372,0.0503819411757,0.0511888591525,0.0521638850411,0.0530884785562,0.0540635044448,0.0550553411246,0.0560303670132,0.0567196094517,0.0575097166373,0.0584511209436,0.0592076065468,0.0599304705677,0.0608550640827,0.0615947388948,0.0626538187393,0.0634271151337,0.0643012762753,0.0651418158344,0.0652090589992,0.0649905187138,0.0646711136813,0.0644861949783,0.0644021410224,0.0644861949783,0.0642676546929,0.0640659251987,0.0642172223194,0.064183600737,0.0640827359899,0.0638641957045,0.063729709375,0.0636120338368,0.0636456554191,0.0636960877927,0.063359871969,0.0633262503866,0.0631581424748,0.062990034563,0.0629396021894,0.0627883050688,0.0627883050688,0.062536143201,0.062351224498,0.0624016568716,0.0620318194656,0.0621158734215,0.0619309547185,0.0617796575978,0.0618973331361,0.0618805223449,0.0620318194656,0.0622167381686,0.0620486302567,0.0619981978832,0.0616956036419,0.061426630983,0.0613930094006,0.0618300899714,0.0618469007625,0.0616451712683,0.061426630983,0.0612417122799,0.0612585230711,0.0608886856651,0.0606365237974,0.060417983512,0.060417983512,0.0605860914238,0.060602902215,0.0604011727208,0.060417983512,0.0602162540178,0.0601658216442,0.0604852266767,0.0603843619296,0.0603339295561,0.0603339295561,0.0603843619296,0.0603339295561,0.0602834971825,0.0601658216442,0.0599809029412,0.0598127950294,0.0598968489853,0.0599809029412,0.0598800381941,0.059779173447,0.0597455518647,0.0595606331616,0.0597623626558,0.0594597684145,0.0593757144586,0.0592412281292,0.0591067417997,0.0591067417997,0.0593252820851,0.0593420928763,0.0591403633821,0.0591067417997,0.0591571741732,0.0592748497115,0.0593757144586,0.0594933899969,0.0593252820851,0.0594765792057,0.0597287410735,0.0596614979087,0.059779173447,0.0595438223705,0.0594597684145,0.0594429576234,0.0594765792057,0.0595102007881,0.0595606331616,0.0596278763264,0.0597287410735,0.0598127950294,0.0603003079737,0.0604347943032,0.0605692806326,0.060972739621,0.0611912799064,0.0612417122799,0.0610736043681,0.0611912799064,0.0610231719946,0.061157658324,0.0610063612034,0.0612080906976,0.0612417122799,0.0612080906976,0.0613089554447,0.0613089554447,0.0612417122799,0.0613089554447,0.0614602525653,0.0616451712683,0.0619477655096,0.061981387092,0.062166305795,0.061981387092,0.0620486302567,0.0620822518391,0.0618805223449,0.0622167381686,0.0620486302567,0.0618973331361,0.061981387092,0.0620990626303,0.0618132791802,0.0618805223449,0.0619141439273,0.0621158734215,0.0619141439273,0.0618300899714,0.0618637115537,0.0617796575978,0.061981387092,0.0622671705421,0.0625529539922,0.0624689000363,0.062351224498,0.0628891698159,0.0630740885189,0.063174953266,0.0629732237718,0.062990034563,0.0630404669365,0.0633094395955,0.0633766827602,0.0632926288043,0.0632590072219,0.063359871969,0.0635111690897,0.063729709375,0.0639482496604,0.0640659251987,0.0641163575723,0.0640154928252,0.0643180870664,0.0644021410224,0.0644525733959,0.0648560323843,0.0649400863402,0.0650745726697,0.0652426805815,0.0656629503611,0.0658310582729,0.0659991661848,0.0661672740966,0.066385814382,0.0665203007114,0.0665203007114,0.0662513280525,0.0662177064701,0.0662681388437,0.066116841723,0.0660832201407,0.0664530575467,0.0666547870409,0.0668733273263,0.0670078136557,0.0670246244469,0.0671927323588,0.0672431647323,0.0674112726441,0.0674617050177,0.0677306776766,0.0677811100502,0.0682350014121,0.0685207848622,0.0685207848622,0.068588028027,0.0685207848622,0.0687225143564,0.06877294673,0.0692772704655,0.0693781352126,0.0696302970803,0.0698656481569,0.0695966754979,0.0701850531893,0.0704204042659,0.0705380798042,0.0705717013866,0.0709919711661,0.0711937006603,0.0716644028135,0.0716812136046,0.0721351049666,0.0725721855373,0.072723482658,0.0731941848111,0.0733118603494,0.0733959143053,0.0735640222171,0.0739674812055,0.0743205078204,0.0743205078204,0.074471804941,0.0745054265234,0.0748080207647,0.0749929394677,0.0753459660825,0.0756317495327,0.0759007221916,0.0765059106742,0.0767748833331,0.0772623962774,0.0773968826069,0.0775313689363,0.0778339631776,0.0781365574189,0.0786072595721,0.078691313528,0.0791115833076,0.0792292588458,0.0795318530871,0.0798176365372,0.0800361768226,0.0803387710639,0.0806413653052,0.0809775811289,0.0811120674583,0.0813642293261,0.0817340667321,0.0819189854351,0.0821543365117,0.082641849456,0.0829948760708,0.0834991998063,0.0838017940476,0.0842893069919,0.0847600091451,0.0850962249687,0.0858190889896,0.0857686566161,0.0860544400662,0.0866260069664,0.0869622227901,0.0873152494049,0.0876346544374,0.0881725997552,0.0888618421937,0.0893661659292,0.0891308148527,0.0894165983028,0.0898200572912,0.0902907594443,0.0907614615974,0.0914507040359,0.0917869198596,0.0922408112215,0.0928459997041,0.0927787565394,0.0932326479013,0.0936697284721,0.0939891335046,0.094392592493,0.0948128622725,0.0953676183816,0.0954852939199,0.0962754011055,0.096510752182,0.097149562247,0.0977547507296,0.0979564802238,0.0985784794976,0.0989315061124,0.0992509111449,0.0996039377597,0.0998729104187,0.100259558616,0.100646206813,0.100797503934,0.101352260043,0.102226421184,0.10301652837,0.103823446347,0.104344580873,0.104680796697,0.105067444894,0.1054372823,0.106092903156,0.106311443442,0.106815767177,0.10742095566,0.107538631198,0.10812700889,0.108395981548,0.109219710316,0.109993006711,0.110699059941,0.111085708138,0.111472356335,0.111959869279,0.11239694985,0.112766787256,0.113035759915,0.113893110265,0.114279758463,0.114683217451,0.115389270681,0.116061702328,0.11638110736,0.116986295843,0.117641916699,0.117994943314,0.118432023885,0.118953158411,0.119104455532,0.119491103729,0.12021396775,0.120533372783,0.120482940409,0.120852777815,0.121558831045,0.122281695066,0.122786018801,0.123038180669,0.123458450449,0.124298990008,0.124668827414,0.125425313017,0.125963258335,0.126719743938,0.126988716597,0.127846066947,0.127778823783,0.127862877738,0.128652984924,0.129359038154,0.130283631669,0.130703901448,0.131241846766,0.131527630216,0.131847035249,0.132687574808,0.132973358258,0.133696222279,0.134234167597,0.134486329465,0.1349906532,0.135209193485,0.135881625133,0.136503624407,0.137075191307,0.137596325833,0.138067027987,0.138789892007,0.139294215743,0.140151566093,0.140639079038,0.140941673279,0.141395564641,0.14181583442,0.142202482618,0.143143886924,0.143665021451,0.144135723604,0.144690479713,0.145312478987,0.14578318114,0.146657342281,0.146892693358,0.147363395511,0.147682800543,0.147665989752,0.148019016367,0.148708258805,0.14919577175,0.149464744409,0.149935446562,0.150305283968,0.15091047245,0.151566093307,0.152154470998,0.152759659481,0.153230361634,0.153667442204,0.154205387522,0.154844197587,0.154995494708,0.155331710532,0.155920088223,0.156575709079,0.157399437847,0.157819707627,0.158273598989,0.158962841427,0.15971932703,0.160089164436,0.160274083139,0.161064190325,0.161215487446,0.16141721694,0.161618946434,0.162039216214,0.162526729158,0.163098296058,0.163232782388,0.163148728432,0.163333647135,0.1634008903,0.164073321947,0.164981104671,0.165502239197,0.165855265812,0.165872076603,0.166174670845,0.166410021921,0.167200129107,0.167469101766,0.167586777304,0.167721263634,0.167805317589,0.167922993128,0.16837688449,0.168713100313,0.168898019016,0.168763532687,0.168679478731,0.168830775852,0.168729911105,0.168847586643,0.168797154269,0.169452775125,0.169301478005,0.169435964334,0.169553639873,0.169721747784,0.170074774399,0.170158828355,0.169671315411,0.169906666487,0.16994028807,0.169906666487,0.169923477279,0.169738558576,0.169604072246,0.169704936993,0.169822612531,0.169839423323,0.170192449937,0.169973909652,0.169688126202,0.169738558576,0.169704936993,0.169688126202,0.170007531234,0.16994028807,