# R script for Peak Model
#  -- generated by MACS
p <- c(0.0332138062726,0.0341810472255,0.0349922815732,0.0359283212051,0.037098370745,0.0379720077348,0.0387832420825,0.0393916678432,0.0403121068146,0.0412013444649,0.0420437801337,0.0432918329762,0.0440874666633,0.0448831003505,0.0459907472482,0.0469579882012,0.0478784271726,0.0487052621808,0.0498129090786,0.0506553447473,0.0515757837187,0.0524806220295,0.0532918563772,0.0542122953486,0.0551015329989,0.056099975273,0.0569424109417,0.0578160479315,0.0587676882239,0.059766130498,0.0606553681483,0.0615758071197,0.0625274474121,0.0633386817598,0.0641031141259,0.0647271405471,0.0654291702711,0.0662404046187,0.066131199995,0.0658191867844,0.0657879854633,0.0659127907476,0.0659595927292,0.0660531966923,0.066131199995,0.0660063947108,0.0658035861238,0.0660375960318,0.0660531966923,0.0659907940502,0.0662560052793,0.0660999986739,0.0660999986739,0.0660843980134,0.0661624013161,0.0659907940502,0.0660375960318,0.0657255828212,0.065897190087,0.0655539755553,0.0655227742343,0.065663180179,0.065663180179,0.0657411834817,0.0659127907476,0.0659439920686,0.0659595927292,0.0658035861238,0.0660219953713,0.0657255828212,0.0657099821606,0.0657567841422,0.0656475795185,0.0656163781975,0.0654915729132,0.0653355663079,0.0654603715921,0.0652731636657,0.0652419623447,0.0650703550788,0.0647583418682,0.0648051438498,0.0648363451709,0.0651171570604,0.0650079524367,0.064898747813,0.0648051438498,0.0642747213917,0.0642747213917,0.064399526676,0.0643215233733,0.064165516768,0.0641499161074,0.0642123187496,0.0640407114837,0.0639471075205,0.06393150686,0.0640251108232,0.0639159061995,0.063697496952,0.0636194936494,0.0635882923283,0.0635726916678,0.0635570910072,0.0633698830808,0.0632294771361,0.0633074804387,0.063198275815,0.0629954672281,0.0630578698702,0.0632294771361,0.0635258896862,0.0635570910072,0.0637286982731,0.0639003055389,0.064165516768,0.0639939095021,0.0640251108232,0.0638535035573,0.0635258896862,0.0637286982731,0.0636506949704,0.0638535035573,0.0638691042179,0.0638223022363,0.063666295631,0.0636194936494,0.0638691042179,0.0638379028968,0.0637598995941,0.0633542824203,0.0635258896862,0.0635258896862,0.0635570910072,0.0631826751545,0.0632450777966,0.0633230810993,0.0632918797782,0.0633854837414,0.063666295631,0.0635570910072,0.0636818962915,0.0637755002547,0.06393150686,0.06393150686,0.064165516768,0.0642435200706,0.0645399326207,0.0644931306392,0.0645243319602,0.064664737905,0.0647115398866,0.0647895431893,0.0649767511156,0.0651483583815,0.0652575630052,0.0652419623447,0.0651171570604,0.0653355663079,0.0652731636657,0.0652887643263,0.0653667676289,0.0656007775369,0.0657879854633,0.0659127907476,0.0657567841422,0.0655695762159,0.065865988766,0.0659751933897,0.0660687973529,0.0660375960318,0.0660843980134,0.0660999986739,0.0659907940502,0.0659751933897,0.0660999986739,0.0660375960318,0.0660375960318,0.0660063947108,0.066131199995,0.0663496092425,0.0664120118846,0.0664588138662,0.0666928237742,0.0671920449112,0.0671608435901,0.0670672396269,0.0670828402875,0.0672076455717,0.0673012495349,0.0674884574613,0.0674884574613,0.0678940746351,0.068096883222,0.0682684904879,0.0684400977537,0.0685337017169,0.068798912946,0.0689081175697,0.0690173221934,0.0690173221934,0.0693761373857,0.0694229393673,0.0694697413488,0.0697505532384,0.0699845631464,0.0704213816413,0.0705149856045,0.0706085895677,0.0708269988151,0.0712170153284,0.0713106192916,0.0713418206127,0.0715446291996,0.0716382331628,0.0717162364655,0.0719190450524,0.071997048355,0.0717942397681,0.0718254410892,0.0719502463734,0.0718566424102,0.0718566424102,0.0716382331628,0.0716226325023,0.0720750516577,0.0720906523182,0.0720906523182,0.0723402628867,0.0723714642078,0.0724494675105,0.0723558635473,0.0725898734552,0.0729174873264,0.0727614807211,0.0728082827027,0.072964289308,0.0733699064818,0.0733699064818,0.0735415137477,0.0737443223346,0.0739783322426,0.0743527480954,0.0743059461138,0.0742903454532,0.0743371474348,0.0745867580033,0.074898771214,0.0749611738561,0.0751171804614,0.0754915963142,0.0755695996168,0.0759440154696,0.0761000220749,0.0762092266987,0.076365233304,0.0765368405698,0.0764276359461,0.0768488537805,0.0769424577437,0.0766928471751,0.0768956557621,0.0770516623674,0.0772076689727,0.0774260782202,0.077597685486,0.0778004940729,0.0782841145494,0.0784401211547,0.0787365337048,0.0790017449339,0.0793293588051,0.0793761607866,0.0794697647498,0.0793917614472,0.079563368713,0.0800937911711,0.080296599758,0.0803122004186,0.0804214050423,0.0804994083449,0.0805618109871,0.0809362268398,0.0814354479769,0.081731860527,0.0821842796824,0.0825274942141,0.0829331113879,0.0833387285618,0.0836663424329,0.0841031609278,0.0844931774411,0.084695986028,0.0851328045229,0.0857880322653,0.0861468474575,0.0864120586866,0.0867552732183,0.0869892831262,0.0876601115291,0.0881905339872,0.0883621412531,0.0889393656927,0.0892201775823,0.0894385868298,0.0896569960772,0.0899534086273,0.0905774350486,0.0908114449566,0.0910142535435,0.0913886693963,0.0919814944965,0.0924027123308,0.0925587189362,0.093198346018,0.0936819664945,0.0942747915947,0.0946492074474,0.0948520160344,0.0952264318871,0.0960064649137,0.0966928939771,0.0969113032246,0.0973325210589,0.0978785441776,0.0982841613514,0.0985337719199,0.0994074089097,0.0998442274046,0.100187441936,0.100764666376,0.101045478266,0.101435494779,0.102106323182,0.102137524503,0.102449537713,0.102995560832,0.103198369419,0.104040805088,0.104446422262,0.104680432169,0.104867640096,0.105148451985,0.105164052646,0.105538468499,0.105756877746,0.106193696241,0.106599313415,0.106895725965,0.107129735873,0.107847366257,0.107972171542,0.108346587395,0.108986214476,0.109641442219,0.110140663356,0.110733488456,0.111497920822,0.111825534693,0.112199950546,0.112543165078,0.112933181591,0.113182792159,0.113619610654,0.113916023204,0.11436844236,0.11466485491,0.115164076047,0.115632095863,0.116193719642,0.116833346724,0.117285765879,0.117628980411,0.117972194943,0.118705425988,0.118908234575,0.119282650427,0.119579062978,0.119719468922,0.120499501949,0.120749112517,0.121326336957,0.122043967342,0.122355980552,0.122995607634,0.123370023487,0.12376004,0.124243660477,0.124711680293,0.124961290861,0.125491713319,0.12580372653,0.12610013908,0.126661762859,0.12698937673,0.127254587959,0.127472997207,0.127722607775,0.128424637499,0.128783452691,0.129204670526,0.129594687039,0.130171911479,0.130000304213,0.130281116102,0.130780337239,0.13109235045,0.131638373569,0.132215598008,0.132652416503,0.133572855475,0.134134479254,0.134711703694,0.135335730115,0.135507337381,0.135897353894,0.136552581636,0.137457419947,0.137785033818,0.138268654295,0.138580667505,0.139391901853,0.139766317706,0.140234337522,0.14106117253,0.141794403575,0.142278024052,0.14282404717,0.143182862362,0.143307667647,0.144087700673,0.144306109921,0.144633723792,0.14517974691,0.145710169369,0.146100185882,0.146178189185,0.146552605037,0.147254634761,0.147395040706,0.14780065788,0.148253077035,0.148830301475,0.148799100154,0.149142314686,0.149657136483,0.149688337804,0.149906747052,0.150405968189,0.150842786684,0.150967591968,0.151279605178,0.151732024334,0.151888030939,0.152512057361,0.152636862645,0.153432496332,0.153916116808,0.154352935303,0.154992562385,0.15513296833,0.155678991448,0.156131410604,0.156349819851,0.156661833062,0.157114252217,0.156911443631,0.157114252217,0.157114252217,0.157410664768,0.157831882602,0.158487110344,0.158502711005,0.158845925536,0.15864311695,0.15925154271,0.159360747334,0.159766364508,0.160000374416,0.160733605461,0.161045618671,0.161435635185,0.162059661606,0.162387275477,0.16248087944,0.162746090669,0.162449678119,0.162917697935,0.162855295293,0.162995701238,0.163167308504,0.163229711146,0.163541724357,0.163307714449,0.163479321714,0.163510523036,0.163884938888,0.163541724357,0.163089305201,0.163182909164,0.163120506522,0.163401318412,0.163432519733,0.163682130301,0.163682130301,0.163791334925,0.163385717751,0.163557325017,0.163370117091,0.163245311807,0.162917697935,