# R script for Peak Model
#  -- generated by MACS
p <- c(0.0340684849101,0.0350520048247,0.035906538521,0.0368255653264,0.0375188662498,0.0382766602824,0.0392440569197,0.040098590616,0.040937001035,0.0418399045631,0.0427428080912,0.0434199857373,0.0442906427109,0.0450968065753,0.0460158333808,0.0468542437998,0.0476926542187,0.0486439275788,0.049498461275,0.0505464742988,0.051401007995,0.0523200348005,0.0530939521103,0.0539807323612,0.0548030195029,0.055818785972,0.0565604567273,0.0573988671463,0.0584307568927,0.059172427648,0.0600269613443,0.0608008786541,0.0615909192412,0.0624293296602,0.0635095892386,0.0644608625986,0.0653960126813,0.0662344231003,0.0662827929321,0.0665407653687,0.0665891352006,0.0666536283098,0.0665730119233,0.066444025705,0.0665891352006,0.0669599705782,0.0671212033511,0.0670083404101,0.0669116007464,0.066943847301,0.0666858748643,0.0665246420915,0.0667342446962,0.0666375050325,0.0664601489823,0.0663472860413,0.0662021765457,0.0661699299911,0.0660086972182,0.066105436882,0.066444025705,0.0663472860413,0.0665085188142,0.066556888646,0.0666858748643,0.0664762722596,0.0666697515871,0.0663795325959,0.0665246420915,0.0665891352006,0.0663795325959,0.066444025705,0.0663795325959,0.0662344231003,0.0662505463776,0.0664117791504,0.0666697515871,0.066331162764,0.0663956558732,0.0663150394867,0.066331162764,0.0666213817552,0.0666697515871,0.0665246420915,0.0663795325959,0.0663472860413,0.0662021765457,0.0663956558732,0.0666052584779,0.0667664912508,0.0668309843599,0.0669599705782,0.0667503679735,0.0667019981416,0.0670405869647,0.0668632309145,0.066943847301,0.0668793541918,0.0669116007464,0.0668954774691,0.0667987378054,0.0666536283098,0.0667181214189,0.0667181214189,0.0665891352006,0.0668632309145,0.0669116007464,0.0669116007464,0.0671050800738,0.0670244636874,0.0670728335193,0.0669277240237,0.0667987378054,0.0666536283098,0.0666697515871,0.0665246420915,0.0664762722596,0.0664601489823,0.0663956558732,0.0662021765457,0.0660248204955,0.0657829713362,0.0656217385633,0.0655249988996,0.065379889404,0.0654282592359,0.0655894920087,0.0655572454542,0.0652186566311,0.0648639445308,0.0648961910853,0.0648155746989,0.0648478212535,0.0648961910853,0.0649123143626,0.0648800678081,0.0647510815897,0.0649123143626,0.0649123143626,0.0648961910853,0.0648316979762,0.0649768074718,0.0651864100765,0.0654605057904,0.0655088756223,0.0657346015043,0.0659764506637,0.0658958342772,0.066105436882,0.066331162764,0.0663634093186,0.0662989162094,0.0660893136047,0.0665085188142,0.0664601489823,0.0663956558732,0.066556888646,0.0664601489823,0.0664601489823,0.0666052584779,0.0666536283098,0.0667019981416,0.0669599705782,0.0670244636874,0.0666858748643,0.066556888646,0.0665407653687,0.0664601489823,0.0666697515871,0.0666213817552,0.0662827929321,0.0665085188142,0.0665246420915,0.0668793541918,0.0667342446962,0.0667987378054,0.0667664912508,0.0667664912508,0.0667019981416,0.0669599705782,0.0668793541918,0.0667019981416,0.0668309843599,0.0668793541918,0.0668793541918,0.0670083404101,0.0667987378054,0.0669116007464,0.0672018197376,0.0674436688969,0.0674597921742,0.067508162006,0.0676693947789,0.0676371482244,0.0677661344427,0.0679596137701,0.068120846543,0.0682820793159,0.0684594353661,0.0686529146935,0.068959256962,0.0690237500711,0.0690237500711,0.0694107087261,0.0698460372128,0.0703297355315,0.0703136122542,0.0705393381362,0.0704748450271,0.0706199545227,0.0706683243545,0.0706683243545,0.0708134338501,0.0709424200684,0.0709262967912,0.0713455020007,0.0716357209918,0.0719098167057,0.0717969537647,0.0717808304874,0.0717163373783,0.0714906114963,0.0715228580508,0.0717969537647,0.0717647072102,0.0716518442691,0.0719743098149,0.0721839124196,0.0721032960332,0.0719743098149,0.0720549262013,0.0722161589742,0.0723612684698,0.0724741314108,0.0722806520834,0.0725063779654,0.0726676107383,0.0729900762841,0.0730545693932,0.0730061995614,0.0734254047708,0.0735705142664,0.0735221444346,0.0737317470393,0.0738768565349,0.074215445358,0.0744089246854,0.07444117124,0.0744734177946,0.0743444315763,0.0749732393905,0.0749893626678,0.0754246911546,0.0756181704821,0.0759728825824,0.0759406360278,0.0761341153553,0.0761824851871,0.0762953481282,0.0765694438421,0.076843539556,0.076956402497,0.0771337585472,0.0771982516563,0.0772466214882,0.0775852103112,0.0779560456889,0.0783752508983,0.0787622095533,0.0791975380401,0.0793587708129,0.0797779760224,0.0801004415682,0.0802939208957,0.0803906605594,0.0808421123235,0.0808904821553,0.0811323313146,0.0811323313146,0.0812451942557,0.0815837830787,0.0818417555153,0.0822287141702,0.0825995495479,0.0829381383709,0.0831316176984,0.0834057134123,0.0839055350082,0.0842602471086,0.0842118772767,0.0842602471086,0.0842441238313,0.0846310824862,0.0849213014774,0.0850986575276,0.0855984791235,0.0861627938286,0.0865819990381,0.0870173275249,0.0872591766842,0.0876138887845,0.0882749431534,0.088145956935,0.0884684224808,0.0889521207995,0.0891133535723,0.089597051891,0.0901774898734,0.0907901744103,0.0909514071832,0.0915963382747,0.091725324493,0.0921606529798,0.0924025021392,0.0928217073487,0.0930796797853,0.0934505151629,0.0937891039859,0.0942889255819,0.0948048704551,0.0953369386056,0.0953369386056,0.0954820481012,0.0954498015466,0.0960141162517,0.0964333214612,0.0964816912931,0.0970137594436,0.0974007180985,0.097707060367,0.0980617724673,0.098319744904,0.0989969225501,0.099722470028,0.0999320726328,0.100351277842,0.100415770951,0.10089946927,0.10125418137,0.101802372798,0.102318317671,0.102527920276,0.102689153049,0.103011618595,0.103334084141,0.103592056577,0.103801659182,0.10417249456,0.104607823046,0.105156014474,0.105817068843,0.105978301616,0.106461999935,0.10696182153,0.107493889681,0.107784108672,0.108074327663,0.108380669932,0.10850965615,0.108832121696,0.109348066569,0.109944627829,0.110750791693,0.110815284802,0.111073257239,0.111669818499,0.112524352195,0.112975803959,0.113040297068,0.113443379,0.113814214378,0.114088310092,0.11463650152,0.115023460175,0.115571651602,0.11594248698,0.116764774122,0.117119486222,0.117635431095,0.118135252691,0.118377101851,0.119054279497,0.11921551227,0.119537977815,0.119876566638,0.120424758066,0.120505374453,0.121005196049,0.121505017645,0.121875853022,0.122488537559,0.123262454869,0.12337531781,0.123810646297,0.124407207556,0.124778042934,0.125036015371,0.12580993268,0.126325877554,0.127164287973,0.127825342342,0.128083314778,0.128695999315,0.129276437297,0.13003423133,0.130566299481,0.131324093513,0.131807791832,0.132017394436,0.132565585864,0.133291133342,0.133984434266,0.134177913593,0.134709981744,0.135048570567,0.135258173171,0.135790241322,0.136306186195,0.13711235006,0.137515431992,0.137805650983,0.138208732915,0.138644061402,0.13877304762,0.138934280393,0.138998773502,0.13919225283,0.139611458039,0.140208019299,0.140514361567,0.14067559434,0.141481758205,0.142094442742,0.142787743665,0.143464921311,0.144045359294,0.144335578285,0.144561304167,0.144867646435,0.145286851645,0.145625440468,0.146334864668,0.146673453492,0.147012042315,0.148011685506,0.148592123489,0.149575643403,0.150027095167,0.15018832794,0.150559163318,0.150704272814,0.151075108191,0.151075108191,0.151429820292,0.15191351861,0.151978011719,0.152574572979,0.152703559197,0.153364613566,0.153525846339,0.153509723062,0.153896681717,0.154444873144,0.154751215413,0.155202667177,0.155783105159,0.155799228437,0.156041077596,0.156524775915,0.157137460452,0.157492172552,0.157298693224,0.157734021711,0.157975870871,0.158362829526,0.158846527844,0.15881428129,0.159120623558,0.159217363222,0.15916899339,0.159088377003,0.159201239945,0.159120623558,0.159297979608,0.159555952045,0.159668814986,0.159426965827,0.159394719272,0.160104143473,0.160281499523,0.160217006414,0.160249252968,0.1599429107,0.160200883136,0.15976555465,0.15976555465,0.160055773641,0.160684581455,0.161039293555,0.161055416833,0.161200526328,0.161345635824,0.161990566915,0.162248539352,0.162296909184,0.16202281347,0.162361402293,0.16220016952,0.161651978092,0.161232772883,0.161200526328,