# R script for Peak Model
#  -- generated by MACS
p <- c(0.0339818266561,0.0347485793459,0.0355805875838,0.0363473402736,0.0370814651893,0.0378808456532,0.0388270511002,0.0397569426601,0.0405400092369,0.0413720174748,0.0422366534867,0.0430849756116,0.0439659255105,0.0448795031834,0.0458093947434,0.0468208557384,0.0476854917503,0.0485338138752,0.0492189971299,0.0501652025769,0.0509319552667,0.0516660801824,0.0526449134034,0.0535748049634,0.0544720687493,0.0552551353261,0.0559892602419,0.0569028379148,0.0577511600397,0.0586973654867,0.0596109431596,0.0603776958494,0.0612586457483,0.0621559095343,0.0629716038851,0.0639667509931,0.0649455842142,0.0661201840794,0.0660059868703,0.0661038701924,0.0662506951755,0.0660712424183,0.0661038701924,0.0662180674015,0.0663322646106,0.0663159507236,0.0662017535145,0.0662343812885,0.0663648923846,0.0660875563053,0.0660875563053,0.0659896729832,0.065793906339,0.065761278565,0.0658591618871,0.0656633952429,0.065761278565,0.0655818258078,0.0654186869377,0.0655002563727,0.0653208036155,0.0652881758415,0.0653044897285,0.0654350008247,0.0655165702598,0.0654676285987,0.0651739786324,0.0652718619545,0.0653371175026,0.0654186869377,0.0654839424857,0.0652881758415,0.0651902925194,0.0648803286661,0.0649292703271,0.06474981757,0.064782445344,0.06474981757,0.0645377370387,0.0646682481349,0.0646029925868,0.0646193064738,0.0646519342479,0.0644072259426,0.0646193064738,0.064782445344,0.0648477008921,0.064798759231,0.0646845620219,0.0645214231517,0.0645214231517,0.0643256565075,0.0642930287335,0.0642277731854,0.0644398537166,0.0643582842816,0.0646029925868,0.06474981757,0.0645866786998,0.0646682481349,0.0645866786998,0.0647171897959,0.0647335036829,0.0644887953777,0.0643909120556,0.0642440870724,0.0642767148465,0.0643745981686,0.0643582842816,0.0643256565075,0.0642930287335,0.0640320065412,0.06381992601,0.0635752177047,0.0637220426879,0.0634283927216,0.0631673705293,0.0632978816255,0.0632163121904,0.0631021149813,0.0631673705293,0.0632163121904,0.0632652538514,0.0631673705293,0.0631184288683,0.0632326260774,0.0631510566423,0.0631021149813,0.0632652538514,0.0632652538514,0.06289003445,0.062841092789,0.062824778902,0.0627921511279,0.0627921511279,0.0627921511279,0.062808465015,0.062857406676,0.0629552899981,0.062857406676,0.062824778902,0.0627432094669,0.0627105816928,0.0627921511279,0.0626453261448,0.0625474428227,0.0625474428227,0.0627595233539,0.062873720563,0.0631347427553,0.0631184288683,0.0632815677384,0.0632163121904,0.0633141955125,0.0636731010268,0.0634283927216,0.0637546704619,0.0637220426879,0.0636731010268,0.063836239897,0.06381992601,0.0635752177047,0.0634773343826,0.0634283927216,0.0635915315918,0.0638851815581,0.06381992601,0.0639504371061,0.0642114592984,0.0642277731854,0.0642440870724,0.0642277731854,0.0641951454114,0.0644561676037,0.0644561676037,0.0643745981686,0.0642114592984,0.0641462037503,0.0641625176374,0.0643256565075,0.0642767148465,0.0645377370387,0.0647008759089,0.0648966425531,0.0648803286661,0.0648477008921,0.064782445344,0.064782445344,0.0652066064064,0.0650434675363,0.0650597814233,0.0654186869377,0.0659733590962,0.0658917896611,0.0658917896611,0.0661854396274,0.0661364979664,0.0661201840794,0.0662180674015,0.0662180674015,0.0665443451418,0.0668706228822,0.0674252950407,0.0675068644758,0.0675231783628,0.0680452227474,0.0682899310526,0.0684204421488,0.0684693838098,0.06863252268,0.0689751143073,0.0690566837424,0.0691545670645,0.0690893115164,0.0691871948385,0.0693992753698,0.0694971586919,0.0696766114491,0.0700518308504,0.0701007725115,0.0701823419466,0.0701334002855,0.0703944224778,0.0703781085908,0.0702802252687,0.0704270502518,0.0708022696532,0.0709654085234,0.0713080001507,0.0714385112469,0.0714385112469,0.0718626723093,0.0720258111795,0.0720421250665,0.0720910667276,0.0721073806146,0.0721073806146,0.07251522779,0.072547855564,0.0729067610784,0.0732167249317,0.0731677832707,0.0733472360278,0.073510374898,0.073510374898,0.0737224554292,0.0740487331696,0.0743913247969,0.0745707775541,0.074456580345,0.0747012886502,0.0750112525036,0.0756964357583,0.0760227134986,0.0764795023351,0.0765121301091,0.0772136272508,0.0771973133638,0.0771646855898,0.0770994300417,0.077360452234,0.0776867299743,0.0780619493757,0.0785350520992,0.0784697965511,0.0788939576136,0.0791386659188,0.0792039214669,0.079269177015,0.0793996881111,0.0797749075125,0.0797749075125,0.0801338130269,0.0806721712984,0.0813084128921,0.0813084128921,0.0814062962142,0.0816183767454,0.0814226101012,0.0819772822598,0.0824340710962,0.0824014433222,0.0826950932885,0.083184509899,0.0834129043173,0.0837065542836,0.0839838903628,0.0843917375383,0.0847506430526,0.0849790374709,0.0854031985333,0.0858926151438,0.0863004623192,0.0866756817206,0.0871324705571,0.0874424344104,0.0881113037781,0.0887801731458,0.0891553925472,0.0895469258356,0.089938459124,0.0903299924124,0.0904605035085,0.090852036797,0.0911456867633,0.0916840450348,0.0922060894194,0.0925976227078,0.0931849226404,0.0936906531379,0.0942779530705,0.0946858002459,0.0951262751954,0.0953709835006,0.0961866778515,0.0963498167216,0.0967902916711,0.0975407304739,0.0978506943272,0.0984053664858,0.0988132136612,0.0993515719327,0.099645221899,0.0996615357861,0.100004127413,0.100575113459,0.10106453007,0.101276610601,0.101243982827,0.101912852194,0.102337013257,0.103071138173,0.102956940963,0.103315846478,0.103642124218,0.104164168603,0.104572015778,0.104898293518,0.105159315711,0.105534535112,0.105828185078,0.106138148932,0.106725448864,0.107329062684,0.107410632119,0.107851107069,0.108373151453,0.108878881951,0.1093193569,0.109825087398,0.110053481816,0.110657095635,0.110901803941,0.111456476099,0.112157973241,0.112157973241,0.112516878755,0.112892098157,0.113332573106,0.11336520088,0.113903559152,0.114653997955,0.114751881277,0.115045531243,0.115420750644,0.11555126174,0.116220131108,0.116562722736,0.116937942137,0.117427358747,0.11768838094,0.118585644726,0.118862980805,0.119401339076,0.119662361269,0.120119150105,0.120771705586,0.121000100004,0.121228494422,0.121277436083,0.121881049903,0.122419408175,0.122761999802,0.123120905316,0.123235102525,0.123789774684,0.123887658006,0.124507585713,0.12517645508,0.125926893883,0.126090032753,0.126742588234,0.126905727104,0.127280946506,0.128145582518,0.128439232484,0.128504488032,0.128634999128,0.12889602132,0.129630146236,0.130021679524,0.130331643378,0.130608979457,0.131392046034,0.132207740385,0.132272995933,0.132501390351,0.132713470882,0.133610734668,0.133888070747,0.134491684567,0.134997415065,0.135388948353,0.136041503834,0.13649829267,0.137297673134,0.138015484163,0.13819493692,0.138423331338,0.138929061836,0.139744756187,0.140185231136,0.14038099778,0.140772531069,0.140968297713,0.141261947679,0.141522969871,0.142175525352,0.142664941963,0.142616000301,0.143154358573,0.143970052924,0.144182133455,0.144361586212,0.144753119501,0.145536186078,0.14612348601,0.146041916575,0.146531333186,0.146873924813,0.147428596971,0.148260605209,0.148097466339,0.148488999628,0.148880532916,0.148994730125,0.149565716171,0.149500460623,0.14984305225,0.149908307798,0.150462979957,0.150919768793,0.151148163211,0.151849660353,0.15246958806,0.152893749122,0.152893749122,0.153089515766,0.15339947962,0.15339947962,0.153774699021,0.15388889623,0.154166232309,0.154198860083,0.154476196163,0.15432937118,0.15465564892,0.155177693304,0.155308204401,0.155373459949,0.155226634966,0.15514506553,0.155487657158,0.155879190446,0.156026015429,0.15635229317,0.156335979283,0.156629629249,0.157037476424,0.15700484865,0.156694884797,0.156613315362,0.156727512571,0.156955906989,0.156890651441,0.157151673634,0.15728218473,0.157249556956,0.157265870843,0.157249556956,0.1574453236,0.157037476424,0.156727512571,0.157037476424,0.157021162537,0.156613315362,0.156613315362,0.156401234831,0.156613315362,0.156450176492,0.156580687588,0.156433862605,0.156825395893,0.156711198684,0.156613315362,0.156548059814,0.156466490379,0.156303351509,0.156221782074,0.156401234831,0.156450176492,0.156107584864,