# R script for Peak Model
#  -- generated by MACS
p <- c(0.0348815153688,0.0356706238019,0.0366643159029,0.0373219062639,0.0383740508414,0.0392069986319,0.0402006907329,0.041092091,0.0419396519097,0.0429333440107,0.0437078393247,0.0445992395917,0.0454468005014,0.0461336171006,0.0470834698442,0.0479748701113,0.0488954966166,0.0497868968837,0.050809815223,0.051584310537,0.0524903239232,0.0533671110711,0.0541562195042,0.0548868754609,0.0559390200384,0.0567427415907,0.0577218205725,0.0585986077205,0.059431555511,0.0603375688972,0.0610243854964,0.0620911431931,0.0628656385071,0.0637716518933,0.0647653439943,0.0657151967379,0.0666650494815,0.0675418366294,0.0676587415825,0.0677318071781,0.0680679089182,0.067936390846,0.0679656170843,0.0680679089182,0.068053295799,0.0677318071781,0.0676149022251,0.0675710628677,0.0675418366294,0.0674249316764,0.0676149022251,0.067497997272,0.067497997272,0.0675418366294,0.067278800485,0.0677464202973,0.0676295153442,0.0674103185572,0.067497997272,0.0676295153442,0.0675564497486,0.0675710628677,0.0677610334164,0.0675856759868,0.0676587415825,0.0676733547016,0.0678048727738,0.0678779383695,0.0676879678207,0.0676149022251,0.0674249316764,0.0673664791998,0.0671911217702,0.0670157643407,0.0668988593876,0.0668111806728,0.0665773707667,0.0666942757197,0.0664166264562,0.0665481445284,0.0662997215032,0.0664166264562,0.0662997215032,0.0660805247162,0.0663435608606,0.0661828165501,0.0661828165501,0.0662558821458,0.0661389771927,0.0664020133371,0.0661828165501,0.0660805247162,0.0659636197631,0.0659782328823,0.0658467148101,0.0660074591205,0.0659343935249,0.0658467148101,0.0659051672866,0.0660074591205,0.0658174885718,0.0658905541675,0.0657736492144,0.0658028754527,0.065949006644,0.0660074591205,0.0663727870988,0.0661243640736,0.0661389771927,0.0661828165501,0.0660366853588,0.0659928460014,0.0657736492144,0.0656567442614,0.0654667737126,0.065393708117,0.0650576063769,0.0650576063769,0.0651014457343,0.0651014457343,0.0651452850917,0.0652037375683,0.0652475769257,0.0650576063769,0.0650283801387,0.0651160588535,0.0647507308752,0.0649845407813,0.0649845407813,0.0649991539004,0.0652768031639,0.064736117756,0.0647215046369,0.0647215046369,0.064516920969,0.0643415635394,0.064180819229,0.0640931405142,0.0640200749185,0.0638154912507,0.0636693600594,0.0634501632724,0.0635670682254,0.0634355501532,0.0633770976767,0.063406323915,0.0633917107959,0.0634647763915,0.0634940026298,0.0634647763915,0.0636839731785,0.0635962944637,0.0638301043698,0.0637570387742,0.0638885568463,0.0640054617994,0.0640785273951,0.0640493011568,0.0639177830846,0.0641223667525,0.063844717489,0.0636401338211,0.063961622442,0.0637716518933,0.0639177830846,0.063742425655,0.0638885568463,0.0638301043698,0.0637570387742,0.0637278125359,0.0637862650124,0.0637716518933,0.0639323962037,0.0640200749185,0.0641515929907,0.0640931405142,0.0639323962037,0.0640639142759,0.0641515929907,0.0641954323481,0.0639908486803,0.0638301043698,0.063625520702,0.063844717489,0.0639323962037,0.0639470093229,0.0639470093229,0.0638885568463,0.0641369798716,0.0642392717055,0.0644876947308,0.0646045996838,0.0646045996838,0.064736117756,0.0648237964708,0.0647653439943,0.0647507308752,0.0649699276621,0.0650429932578,0.0655398393083,0.0656275180231,0.0657882623335,0.0660512984779,0.0659636197631,0.0661389771927,0.0664020133371,0.0663289477414,0.0667088888389,0.0668404069111,0.0669573118641,0.0672934136042,0.0674249316764,0.0678340990121,0.0682578794669,0.0683601713008,0.0687839517557,0.0689593091853,0.0689593091853,0.0687693386365,0.0689739223044,0.0692515715679,0.0696168995462,0.0696461257845,0.0694707683549,0.0696753520227,0.0698653225715,0.0699091619288,0.0701575849541,0.070142971835,0.0703183292646,0.0704498473367,0.070479073575,0.0705667522898,0.0705229129324,0.0708297884342,0.0708590146724,0.0709905327446,0.0715312181525,0.0713997000803,0.0716627362247,0.07191115925,0.0723787790622,0.0725102971344,0.0731386612571,0.0734455367589,0.0737377991415,0.0738400909754,0.0740885140007,0.0742784845494,0.0746876518851,0.0746876518851,0.0748776224338,0.0752137241739,0.0753014028887,0.0753160160078,0.0753014028887,0.0756375046287,0.0759297670114,0.0761197375601,0.0760612850835,0.076558131134,0.0766896492062,0.0770549771845,0.0774203051628,0.0775956625924,0.0778148593794,0.0780048299281,0.0779756036899,0.0781948004769,0.0783847710256,0.0786185809317,0.0790277482674,0.07932001065,0.07932001065,0.0796853386283,0.0797145648666,0.0800068272493,0.0804744470615,0.0807813225633,0.0810297455885,0.0815558178773,0.0815850441155,0.0821549557617,0.0824910575017,0.082739480527,0.0829440641948,0.083294779054,0.0835870414367,0.0837185595089,0.0837623988663,0.0841131137254,0.0843615367507,0.0847414778481,0.0853844550899,0.0860128192126,0.0862027897613,0.0865535046205,0.0866850226927,0.0871380293858,0.0879417509381,0.0884239838695,0.0887746987286,0.0891546398261,0.0895053546852,0.0898706826636,0.090367528714,0.0905721123819,0.0911420240281,0.091580417602,0.0920480374143,0.0923841391543,0.0930709557535,0.0936408673997,0.0937577723527,0.0940500347354,0.0944007495946,0.0947368513346,0.095116792432,0.0954675072912,0.0956867040782,0.09599357958,0.0964319731539,0.0969288192044,0.0974841177315,0.0977033145185,0.0978202194715,0.098200160569,0.0986970066195,0.0990769477169,0.0992669182656,0.0996322462439,0.100070639818,0.100319062843,0.100596712107,0.100932813847,0.101692696042,0.101429659897,0.101780374756,0.102174928973,0.102467191356,0.10290558493,0.103533949052,0.10391389015,0.104513028034,0.105009874085,0.105506720135,0.105696690684,0.105901274352,0.106325054807,0.106909579572,0.107377199384,0.107844819196,0.108078629102,0.108224760294,0.108633927629,0.109159999918,0.109057708084,0.109218452395,0.109554554135,0.109832203398,0.110153692019,0.110387501925,0.110738216784,0.111103544763,0.111381194026,0.111761135124,0.112009558149,0.112287207412,0.112521017319,0.112798666582,0.113324738871,0.113967716113,0.114449949044,0.114727598308,0.115209831239,0.115502093622,0.115502093622,0.115794356004,0.116086618387,0.116598077556,0.117065697369,0.117372572871,0.118205520661,0.118643914235,0.118804658545,0.119140760286,0.119491475145,0.119944481838,0.120222131101,0.120558232841,0.120952787058,0.121201210083,0.121361954394,0.121581151181,0.121917252921,0.122326420256,0.122881718783,0.123130141809,0.123247046762,0.123261659881,0.12378773217,0.124416096292,0.124649906198,0.125205204725,0.125380562155,0.125935860682,0.126593451043,0.127280267642,0.127952471122,0.128463930292,0.128873097628,0.129063068176,0.129881402848,0.130714350638,0.131152744212,0.131839560811,0.132161049432,0.132394859338,0.132920931627,0.133680813822,0.134133820515,0.134440696017,0.134879089591,0.135332096284,0.135595132428,0.136062752241,0.13657421141,0.137071057461,0.137567903511,0.138006297085,0.138152428277,0.138780792399,0.13943838276,0.14011058624,0.1404613011,0.140607432291,0.141016599627,0.141644963749,0.142200262276,0.14247791154,0.143077049424,0.143456990522,0.144056128406,0.144363003908,0.144962141792,0.145517440319,0.14583892894,0.146145804442,0.146452679944,0.146993365352,0.146964139113,0.147154109662,0.147563276998,0.147797086904,0.148571582218,0.148907683958,0.148980749554,0.149229172579,0.149594500557,0.149799084225,0.150252090918,0.150646645135,0.150953520637,0.150924294398,0.151450366687,0.151888760261,0.152634029337,0.152999357315,0.153350072174,0.15375923951,0.154197633084,0.154577574181,0.154825997207,0.155045193994,0.155483587568,0.156038886095,0.156228856643,0.156345761596,0.156813381409,0.156725702694,0.157207935625,0.157470971769,0.157339453697,0.157339453697,0.157324840578,0.157427132412,0.157690168556,0.157734007914,0.157850912867,0.157485584889,0.157354066816,0.157529424246,0.157646329199,0.157763234152,0.157865525986,0.157500198008,0.157719394795,0.15780707351,0.157734007914,0.157485584889,0.157427132412,0.157602489842,0.157149483149,0.156930286362,0.157105643791,0.157178709387,0.157354066816,0.157047191315,0.157061804434,0.156842607647,0.156813381409,