# R script for Peak Model
#  -- generated by MACS
p <- c(0.0346902253664,0.0355834730436,0.0364767207208,0.0373846118026,0.0383217896935,0.0391857505616,0.0400350680252,0.0409576025115,0.0418947804024,0.0425683770114,0.0433444774523,0.0444280893886,0.0453506238749,0.0462438715522,0.0470492588021,0.0481035839293,0.0490114750111,0.0498900792838,0.0508272571746,0.0515447839973,0.0524380316746,0.0533605661609,0.0542977440517,0.0552642087517,0.0561135262153,0.0569042700607,0.0579732385925,0.0589104164833,0.0597158037333,0.060594408006,0.061429082065,0.0624687637877,0.0633766548695,0.0641673987149,0.0651777936284,0.0660856847102,0.0671253664329,0.0680918311328,0.0680771877283,0.0678575366601,0.0677843196374,0.0675500251647,0.067476808142,0.0674914515465,0.0675793119738,0.0673596609056,0.0675353817601,0.0678136064465,0.0680186141101,0.0680039707056,0.067667172401,0.0675353817601,0.0675500251647,0.0675646685692,0.0675500251647,0.0675646685692,0.0673889477147,0.0675353817601,0.0674621647374,0.0674035911192,0.0671107230283,0.0673450175011,0.0672864438829,0.0676232421874,0.0675939553783,0.0676085987829,0.0675646685692,0.0675793119738,0.0674035911192,0.0673303740965,0.067476808142,0.0675793119738,0.0675207383556,0.067667172401,0.0675060949511,0.0675939553783,0.0674475213329,0.0673303740965,0.0673743043102,0.0674035911192,0.0674475213329,0.0674182345238,0.0674328779283,0.0672278702647,0.0671692966465,0.0674914515465,0.0675793119738,0.0672718004783,0.0670521494102,0.0671253664329,0.0670082191965,0.066832498342,0.0670375060056,0.0669350021738,0.0669642889829,0.0668764285556,0.0666421340829,0.0667446379147,0.0666274906784,0.0664664132284,0.0665249868466,0.0666860642966,0.0663931962057,0.0662614055648,0.0664371264193,0.0663785528011,0.0662174753511,0.0659538940693,0.0658513902375,0.0659685374739,0.0659685374739,0.066027111092,0.0658221034284,0.065675669383,0.0656317391693,0.0656317391693,0.0656610259784,0.0657195995966,0.0659538940693,0.0659538940693,0.0657635298102,0.0659831808784,0.065675669383,0.0654413749103,0.0656024523602,0.0657928166193,0.0660563979011,0.0661589017329,0.0662614055648,0.0663199791829,0.0661003281148,0.0658806770466,0.0661735451375,0.0660563979011,0.0659831808784,0.0659538940693,0.065997824283,0.0657781732148,0.0659538940693,0.0656463825739,0.0655878089557,0.0658221034284,0.065836746833,0.0657781732148,0.0660124676875,0.0660417544966,0.0659246072602,0.0660124676875,0.0660710413057,0.065997824283,0.0659831808784,0.065997824283,0.0659538940693,0.0660856847102,0.0661149715193,0.065997824283,0.0659392506648,0.0657781732148,0.0657049561921,0.0657049561921,0.0658806770466,0.0658660336421,0.0658953204511,0.0660124676875,0.0663053357784,0.0661442583284,0.0662906923738,0.0664224830147,0.0662321187557,0.0663199791829,0.066349265992,0.0667592813193,0.0669642889829,0.066832498342,0.0669642889829,0.0669350021738,0.0668910719602,0.0670082191965,0.0671839400511,0.0673010872874,0.0671839400511,0.067315730692,0.067637885592,0.0678721800647,0.0679307536829,0.0679161102783,0.067798963042,0.0677550328283,0.0677696762329,0.0678428932556,0.0679014668738,0.0679161102783,0.067828249851,0.0676964592101,0.0677111026147,0.067828249851,0.067989327301,0.0680771877283,0.0682675519874,0.0683993426283,0.0682236217737,0.0682236217737,0.0683407690101,0.0683407690101,0.0684286294374,0.0684286294374,0.0686482805055,0.0692340166873,0.0690875826419,0.0690729392373,0.0689265051919,0.069277946901,0.0694975979691,0.0698051094646,0.0696879622282,0.0699954737237,0.07011262096,0.0698490396782,0.0698343962737,0.0701858379827,0.0702590550055,0.0703762022418,0.0707276439509,0.0706983571418,0.0706544269282,0.0707715741645,0.0708301477827,0.0708594345918,0.0711962328963,0.0710205120418,0.0710205120418,0.071269449919,0.0714744575827,0.0718405426963,0.0720016201463,0.0721480541917,0.0720894805735,0.0720309069554,0.0722944882372,0.0723091316417,0.0724116354735,0.0726166431372,0.0728948678235,0.0727777205871,0.0730998754871,0.0733488133644,0.0735391776235,0.0737295418826,0.0740516967825,0.0744031384916,0.0746520763689,0.0749303010552,0.0752085257416,0.0751499521234,0.0752817427643,0.075516037237,0.0757356883052,0.0759846261824,0.0761310602279,0.0761457036324,0.0763946415097,0.076511788746,0.0769364474778,0.0771707419506,0.0774050364233,0.0775661138733,0.0779761292005,0.0784300747414,0.0788840202823,0.0793526092277,0.0794551130595,0.0797186943413,0.079952988814,0.0802312135004,0.0804801513777,0.0808462364913,0.0811098177731,0.0813148254367,0.0814319726731,0.0816369803367,0.0815491199094,0.0820030654503,0.0824862978003,0.0826034450366,0.0829695301503,0.0834234756911,0.0839359948502,0.0841117157047,0.0839359948502,0.0841410025138,0.0846388782684,0.0850781804047,0.085356405091,0.0858103506319,0.0862350093637,0.0861910791501,0.0867328851182,0.0869232493773,0.0868646757591,0.0874943421546,0.0880507915273,0.0882411557863,0.0886804579227,0.0890026128227,0.0891783336772,0.0896469226226,0.0901008681635,0.0901887285908,0.090569457109,0.0907744647726,0.091081976268,0.0916384256407,0.0922241618225,0.0927073941725,0.092883115027,0.0931906265225,0.0934981380179,0.0940838741997,0.0944060290997,0.0947428274042,0.0949624784724,0.0952407031587,0.0957971525314,0.096163237645,0.0962950282859,0.0966904002086,0.0970857721313,0.0973493534132,0.097642221504,0.0981986708767,0.0987551202494,0.0992090657903,0.0994872904767,0.099765515163,0.0999119492085,0.100263390918,0.10049768539,0.101083421572,0.101156638595,0.101347002854,0.10194738244,0.102254893936,0.102401327981,0.102547762027,0.102811343308,0.103045637781,0.103704590986,0.104099962908,0.10452462164,0.104876063349,0.105286078676,0.105754667622,0.10613539614,0.106662558704,0.106970070199,0.107350798717,0.108039038731,0.108170829372,0.108317263417,0.108624774913,0.108888356194,0.109254441308,0.109708386849,0.110235549412,0.110630921335,0.111231300922,0.111641316249,0.112036688171,0.112446703499,0.112959222658,0.113193517131,0.113940330762,0.11448213673,0.11499465589,0.115551105262,0.11544860143,0.115946477185,0.116371135917,0.116664004008,0.117484034662,0.117952623608,0.118538359789,0.118714080644,0.119446250871,0.119534111298,0.120134490885,0.120661653448,0.121232746226,0.121554901126,0.122038133476,0.122477435612,0.12285816413,0.123385326694,0.123561047548,0.123853915639,0.124615372675,0.124805736934,0.125157178644,0.125171822048,0.125362186307,0.126050426321,0.126284720793,0.126475085053,0.126914387189,0.127060821234,0.127339045921,0.127895495293,0.128217650193,0.12881802978,0.129359835748,0.129843068098,0.130121292784,0.130545951516,0.130882749821,0.131248834934,0.131658850261,0.13201029197,0.132288516657,0.132713175389,0.13329891157,0.133752857111,0.134016438393,0.134192159248,0.134280019675,0.134616817979,0.134968259688,0.135363631611,0.135817577152,0.136476530357,0.136945119302,0.137545498888,0.137896940597,0.138424103161,0.138804831679,0.139141629984,0.139624862334,0.14006416447,0.140357032561,0.140532753415,0.141103846193,0.141879946634,0.141894590038,0.142407109197,0.142758550906,0.143066062402,0.143227139852,0.143739659011,0.144120387529,0.144281464979,0.14441325562,0.14489648797,0.145350433511,0.145570084579,0.14602403012,0.146243681188,0.14618510757,0.146419402042,0.14666833992,0.146682983324,0.146770843752,0.147254076101,0.147693378238,0.148132680374,0.148191253992,0.148293757824,0.148381618251,0.148791633579,0.149509160401,0.14969952466,0.149977749347,0.150329191056,0.15034383446,0.150768493192,0.151032074474,0.151222438733,0.151412802992,0.151456733206,0.151427446397,0.151383516183,0.151734957892,0.152349980883,0.15259891876,0.152379267692,0.152218190242,0.152335337478,0.152408554501,0.152818569828,0.153184654942,0.15340430601,0.153433592819,0.153653243888,0.154107189428,0.154019329001,0.154268266878,0.154443987733,0.154356127306,0.154165763047,0.154238980069,0.154180406451,0.154473274542,0.154575778374,0.154736855824,0.154400057519,0.154136476237,0.153916825169,0.153448236224,0.153375019201,0.153506809842,0.15308215111,0.152979647278,0.152891786851,