# R script for Peak Model
#  -- generated by MACS
p <- c(0.0352723474446,0.0361208803312,0.037152430115,0.038233893598,0.0391656159833,0.0401472520678,0.040962509155,0.0417944041419,0.0425597475299,0.043441556216,0.044389916501,0.0452717251872,0.0460204306754,0.0470686183589,0.0479837028444,0.0488488736308,0.0496974065175,0.0504461120057,0.0514111101905,0.0524426599742,0.0536073129559,0.0543560184441,0.0552378271302,0.0560530842174,0.0569182550038,0.0580163563865,0.0589314408721,0.0598631632574,0.060711696144,0.0615435911309,0.0623588482181,0.0634070359016,0.064205655089,0.0649876363767,0.0659526345615,0.0668510811474,0.0676663382345,0.0685148711212,0.0685980606199,0.0684150437227,0.0683651300235,0.0683817679233,0.0685481469206,0.0686812501185,0.0687478017175,0.0687977154167,0.0685481469206,0.0684316816225,0.0683484921238,0.0681488373269,0.0679824583295,0.0678659930314,0.0677994414324,0.0678160793322,0.0679990962293,0.0679658204298,0.0679658204298,0.0678826309311,0.0678659930314,0.0680656478282,0.0678160793322,0.067633062435,0.0673668560392,0.0671006496434,0.0671505633426,0.0669009948466,0.0668011674481,0.0664517715537,0.066618150551,0.0665682368518,0.0664184957542,0.0663852199547,0.0663852199547,0.0664684094534,0.0661023756592,0.0660857377594,0.0657197039652,0.0655699628675,0.0654534975694,0.0651373774743,0.0651373774743,0.0648046194796,0.0646049646827,0.0645550509835,0.0644552235851,0.0645384130838,0.0646216025825,0.064588326783,0.0648378952791,0.0646216025825,0.0643553961867,0.0643720340864,0.0644718614848,0.0645384130838,0.0643886719861,0.0642389308885,0.0639727244927,0.0640559139914,0.0640725518911,0.0639727244927,0.0639061728937,0.0635401390995,0.0633238464029,0.063124191606,0.0629910884081,0.0628912610097,0.0629245368092,0.0627248820123,0.0628912610097,0.0629245368092,0.0628247094108,0.0627248820123,0.0626916062129,0.0628579852102,0.062808071511,0.0627415199121,0.0627747957115,0.062425399817,0.0621425555215,0.0618929870254,0.0618929870254,0.0622922966191,0.0623089345189,0.0626250546139,0.0627914336113,0.0632739327037,0.0633072085032,0.0635567769992,0.0634403117011,0.0632905706034,0.0632739327037,0.0634236738013,0.0634735875005,0.0633238464029,0.0632240190045,0.0630576400071,0.0634070359016,0.0634902254003,0.0635401390995,0.0636566043977,0.0635401390995,0.0635567769992,0.0635567769992,0.0637730696958,0.0637065180969,0.0637397938964,0.0636566043977,0.063573414899,0.0634403117011,0.0634070359016,0.0635567769992,0.0635567769992,0.0635900527987,0.0638063454953,0.0635900527987,0.0636566043977,0.0638396212948,0.0639061728937,0.0640226381919,0.0640060002922,0.0642222929888,0.0641058276906,0.0639228107935,0.0638728970943,0.0636898801971,0.0637897075956,0.0639727244927,0.0641723792895,0.0640725518911,0.0639560865929,0.0642389308885,0.0643221203872,0.064272206688,0.0643054824874,0.0642222929888,0.0644718614848,0.0643886719861,0.0648046194796,0.0648378952791,0.0650042742764,0.0652039290733,0.0654035838702,0.0652039290733,0.0655533249678,0.0654534975694,0.0655866007673,0.065603238667,0.0658028934639,0.0658694450628,0.0657030660654,0.065669790266,0.0658028934639,0.0657862555641,0.0656531523662,0.0659692724612,0.0661855651578,0.0662853925563,0.0661689272581,0.0662188409573,0.0660690998597,0.0660191861605,0.0657529797647,0.0659526345615,0.065985910361,0.066302030456,0.0664018578544,0.0664517715537,0.0665016852529,0.0668011674481,0.0669342706461,0.0671339254429,0.0671505633426,0.0670507359442,0.0671006496434,0.0674167697385,0.0676497003348,0.0677162519337,0.068015734129,0.0679325446303,0.0679824583295,0.0679491825301,0.068082285728,0.0681821131264,0.0685481469206,0.0688809049154,0.0688975428151,0.0691471113112,0.0693467661081,0.0694965072057,0.0696795241028,0.0699623683984,0.0699457304986,0.0698126273007,0.0699290925989,0.0701453852955,0.0702784884934,0.0704448674908,0.0704781432903,0.0707776254855,0.0710438318813,0.0710271939816,0.0713599519764,0.0715928825727,0.0715928825727,0.0719090026677,0.0723083122614,0.0723582259606,0.0724414154593,0.0727076218551,0.0729571903512,0.073539516842,0.0737225337392,0.0740885675334,0.0740719296337,0.0745377908263,0.0749537383198,0.0753696858132,0.0755693406101,0.0759852881035,0.0761183913014,0.0766008903938,0.0770501136868,0.0771166652857,0.0775825264784,0.0778487328742,0.0781482150695,0.0785641625629,0.0787638173598,0.0791132132543,0.0795957123467,0.0798452808428,0.0800116598401,0.0801281251383,0.0801281251383,0.0804442452333,0.0805440726318,0.0811263991226,0.0813260539194,0.0814092434181,0.0813593297189,0.0814924329168,0.0817253635132,0.0820747594077,0.0822910521042,0.0825572585001,0.0829066543946,0.0830730333919,0.0831728607904,0.0835222566849,0.084087945276,0.0843042379725,0.0842709621731,0.0846203580676,0.0849697539621,0.0855021667537,0.0861510448435,0.0867333713343,0.0870494914293,0.0876151800204,0.0877316453186,0.0880976791128,0.0883805234084,0.0885635403055,0.0888131088015,0.0889628498992,0.0893122457937,0.08954517639,0.0901275028809,0.0901940544798,0.0908262946698,0.090942759968,0.0913420695617,0.0918079307544,0.0924235330447,0.0928727563376,0.0932720659313,0.0936880134248,0.0938211166227,0.0944200810133,0.0950855970028,0.0951521486017,0.0952519760002,0.0953185275991,0.0957511129923,0.0959840435886,0.096466542681,0.0965497321797,0.0968658522748,0.0971320586706,0.0972984376679,0.0974149029661,0.0975812819635,0.0977642988606,0.0980138673567,0.0984298148501,0.0987625728449,0.0987625728449,0.0989955034412,0.0996610194307,0.0997941226286,0.100259983821,0.100526190217,0.100792396613,0.101191706207,0.1016242916,0.102090152792,0.102356359188,0.102522738186,0.102988599378,0.103238167874,0.103471098471,0.103687391167,0.103887045964,0.10416989026,0.104602475653,0.105118250545,0.105767128635,0.106133162429,0.106382730925,0.106748764719,0.106881867917,0.107747038703,0.108046520899,0.108728674788,0.108895053785,0.109161260181,0.109543931875,0.110275999464,0.110758498556,0.110625395358,0.110908239654,0.111041342852,0.11112453235,0.111473928245,0.111523841944,0.111856599939,0.112089530535,0.112655219126,0.113354010915,0.113969613205,0.114551939696,0.114851421892,0.115367196783,0.115849695876,0.116581763464,0.116947797259,0.117297193153,0.117995984942,0.118428570335,0.118877793628,0.118944345227,0.11941020642,0.119892705512,0.120175549808,0.120441756204,0.120791152098,0.12130692699,0.121989080879,0.122172097776,0.122438304172,0.122937441164,0.123386664457,0.123736060352,0.123985628848,0.124368300542,0.124950627033,0.125566229323,0.125898987318,0.126597779107,0.126797433903,0.127429674093,0.127479587793,0.128195017481,0.128644240774,0.129026912468,0.129392946263,0.129692428458,0.130258117049,0.130873719339,0.13145604583,0.131622424827,0.132238027118,0.132870267308,0.133668886495,0.13398500659,0.13461724678,0.135332676469,0.136031468258,0.136197847255,0.136863363245,0.137445689736,0.137778447731,0.138144481525,0.138643618517,0.138943100712,0.139209307108,0.1397084441,0.139658530401,0.139941374696,0.140091115794,0.140473787488,0.140773269683,0.141372234074,0.141804819467,0.142420421757,0.143219040945,0.143451971541,0.143851281135,0.144350418127,0.144666538222,0.145298778412,0.145515071109,0.1460973976,0.146480069294,0.14672963779,0.146945930486,0.147411791679,0.147561532776,0.147927566571,0.147877652872,0.148093945568,0.148276962465,0.149025667953,0.148826013157,0.148776099457,0.148942478455,0.149325150149,0.149375063848,0.149291874349,0.149491529146,0.149990666138,0.150273510434,0.150323424133,0.150406613632,0.151255146518,0.15177092141,0.15180419721,0.151837473009,0.152053765706,0.152236782603,0.152835746993,0.152769195394,0.152835746993,0.15306867759,0.152569540598,0.152885660693,0.152536264798,0.152835746993,0.152536264798,0.152136955204,0.152153593104,0.151970576207,0.151920662508,0.151920662508,0.152170231004,0.151854110909,0.151953938307,0.151621180313,0.151338336017,0.151205232819,0.15115531912,0.151188594919,0.150905750624,0.150889112724,0.150872474824,0.150772647426,0.150389975732,0.150406613632,0.149974028239,