# R script for Peak Model
#  -- generated by MACS
p <- c(0.0340413046747,0.0348375925034,0.0358023258342,0.0367670591651,0.0375480337663,0.0384668274147,0.0395693797928,0.0403656676215,0.04122320836,0.0422491946008,0.0430761088844,0.0439183363955,0.0448371300439,0.0456487311,0.0464756453836,0.047425065487,0.0484204252728,0.0493085924663,0.0501967596598,0.0510389871709,0.0520037205017,0.0529225141502,0.0537953681162,0.0546835353097,0.0555257628208,0.0564751829242,0.057148964933,0.0579452527617,0.0588640464101,0.0599819120157,0.0609466453466,0.0618194993126,0.0627076665061,0.0638102188842,0.0646983860777,0.0655559268162,0.0664134675548,0.0673322612032,0.0674394537956,0.0672097553834,0.0672250686109,0.0671485024735,0.0668881776065,0.0669647437439,0.0670719363362,0.0670413098812,0.0673169479758,0.0671485024735,0.0671178760186,0.0670106834263,0.067163815701,0.0671025627911,0.0670259966538,0.0671178760186,0.0670106834263,0.0669800569713,0.067163815701,0.0674241405681,0.0672863215208,0.0670719363362,0.067194442156,0.0672250686109,0.0670872495636,0.066903490834,0.0669953701988,0.0671485024735,0.0669647437439,0.0669800569713,0.0670566231087,0.0670259966538,0.0669494305164,0.0670259966538,0.067194442156,0.0672097553834,0.0670719363362,0.0671025627911,0.066581913057,0.0667656717867,0.0664747204647,0.0662143955976,0.0664134675548,0.0663981543273,0.0662143955976,0.0661990823702,0.0658928178207,0.0658928178207,0.0659846971855,0.0660306368679,0.065678432636,0.0658162516833,0.0658009384558,0.0656171797261,0.0654793606789,0.0654334209965,0.0653568548591,0.0654487342239,0.0654640474514,0.0656171797261,0.0655253003613,0.0656937458635,0.065678432636,0.0654640474514,0.0655406135888,0.0656324929536,0.0656018664987,0.0652649754942,0.0650352770821,0.0649893373997,0.0648668315799,0.0644533744381,0.0644227479832,0.064545253803,0.064514627348,0.0643921215282,0.0643308686183,0.0643002421634,0.0643155553909,0.064254302481,0.064514627348,0.0647136993052,0.0647136993052,0.064836205125,0.0647596389876,0.0648208918975,0.0650812167646,0.0652037225843,0.0651118432195,0.0651884093569,0.0653262284041,0.0654027945415,0.0653721680866,0.0654946739064,0.0655865532712,0.0654334209965,0.0655099871338,0.0654027945415,0.0654793606789,0.065387481314,0.0654640474514,0.0656324929536,0.0656171797261,0.0655406135888,0.0657243723185,0.065709059091,0.0654487342239,0.0655406135888,0.0655865532712,0.0655406135888,0.0654487342239,0.0654946739064,0.0654793606789,0.0654793606789,0.0656478061811,0.0654334209965,0.0657549987734,0.0659387575031,0.0659387575031,0.0660306368679,0.0659234442756,0.0662297088251,0.0665972262845,0.0664440940097,0.0664900336922,0.0663215881899,0.066612539512,0.0665665998295,0.0664287807823,0.0664440940097,0.0664747204647,0.0663828410998,0.0662756485075,0.0663675278724,0.0661531426877,0.0659540707306,0.0659081310482,0.0657703120009,0.0658009384558,0.0658775045932,0.0659540707306,0.0660612633229,0.0662603352801,0.0663062749625,0.066612539512,0.0667350453317,0.0670872495636,0.0673628876582,0.0672863215208,0.0672403818384,0.0672403818384,0.067454767023,0.0675619596153,0.0679447903022,0.0679141638472,0.0680826093495,0.0679907299846,0.0678375977099,0.0680213564396,0.0680826093495,0.0678682241648,0.0679754167571,0.0681744887143,0.0678988506198,0.0679294770747,0.0679447903022,0.0678375977099,0.0678988506198,0.068036669667,0.0682816813066,0.0682204283967,0.0682816813066,0.0684041871264,0.0688023310407,0.068940150088,0.0692004749551,0.0693382940023,0.0694301733672,0.0695067395045,0.0695679924144,0.0696904982342,0.069813004054,0.0699508231013,0.0698742569639,0.0699355098738,0.0700273892387,0.0700427024661,0.0701192686035,0.0702417744233,0.070394906698,0.0703795934706,0.0708389902948,0.070716484475,0.0708389902948,0.0708083638398,0.0709155564322,0.0712218209816,0.0711299416168,0.0712065077542,0.0715280855311,0.0714515193937,0.0717424707157,0.071910916218,0.0719874823553,0.0721253014026,0.072492818862,0.0727072040466,0.0728603363214,0.0732431670082,0.0733197331456,0.0734269257379,0.0735800580126,0.0740547680643,0.0744069722962,0.074529478116,0.0748663691204,0.0752951394897,0.0753563923996,0.0754482717645,0.0755095246744,0.0754482717645,0.0756473437216,0.0755095246744,0.075693283404,0.0762751860481,0.07662739028,0.076918341602,0.0770102209668,0.0771327267866,0.0771633532415,0.0774236781086,0.0776227500658,0.0778371352504,0.0781280865724,0.078342471757,0.0784649775768,0.0788171818087,0.079245952178,0.0791540728132,0.079567529955,0.0796287828649,0.0801341193715,0.0805782029683,0.0808385278353,0.0813898040244,0.0813744907969,0.0817573214838,0.0817879479387,0.0820176463508,0.0821248389431,0.0823698505827,0.0827067415871,0.0830436325916,0.0833345839136,0.0836408484631,0.0843605701543,0.0845596421115,0.0848505934335,0.085126231528,0.0855703151248,0.0859072061292,0.0863819161809,0.086902565915,0.0870250717348,0.0874232156491,0.0875610346964,0.0882654431602,0.0883266960701,0.0887554664394,0.0893220558559,0.089551754268,0.0897814526801,0.08984270559,0.0901949098219,0.0906849331011,0.0907614992385,0.0912668357451,0.0917568590243,0.0920937500287,0.0923540748958,0.0928287849475,0.093073796587,0.0932728685442,0.0941150960553,0.0946510590169,0.0948960706565,0.0955545394378,0.0957382981675,0.0959067436697,0.0959833098071,0.0964273934039,0.0965958389061,0.0967949108632,0.0970552357303,0.0974686928721,0.0981424748809,0.0988162568898,0.0990612685294,0.0995512918086,0.0999341224954,0.100071941543,0.100179134135,0.100408832547,0.100791663234,0.101312312968,0.10141950556,0.101817649475,0.102062661114,0.102736443123,0.10293551508,0.103410225132,0.104099320368,0.104359645235,0.10439027169,0.10475778915,0.105201872746,0.105875654755,0.105936907665,0.10633505158,0.106518810309,0.106595376447,0.106932267451,0.107406977503,0.108004193374,0.108494216653,0.108968926705,0.10906080607,0.109275191255,0.109642708714,0.110224611358,0.110607442045,0.110775887547,0.111419043101,0.111618115058,0.111893753153,0.112108138337,0.112873799711,0.113271943625,0.113746653677,0.114190737274,0.114451062141,0.114956398647,0.11500233833,0.115492361609,0.115921131978,0.116166143618,0.116947118219,0.117268695996,0.117774032503,0.118248742554,0.118279369009,0.118723452606,0.118983777473,0.11948911398,0.119626933027,0.120086329851,0.120407907628,0.120851991225,0.121188882229,0.1210051235,0.121372640959,0.121923917148,0.1223986272,0.122980529844,0.12354711926,0.12391463672,0.124435286454,0.125017189098,0.125537838832,0.126180994386,0.126334126661,0.126839463167,0.127038535124,0.127390739356,0.127528558404,0.127742943588,0.12803389491,0.128370785915,0.129044567924,0.129320206018,0.129503964748,0.130361505486,0.130836215538,0.131341552045,0.131479371092,0.132061273736,0.132275658921,0.132627863152,0.133148512887,0.133868234578,0.13403668008,0.134496076904,0.134863594364,0.135154545686,0.13536893087,0.135874267377,0.136272411291,0.136915566845,0.13725245785,0.137344337214,0.137574035627,0.138140625043,0.138982852554,0.139396309696,0.139702574245,0.139932272658,0.140315103344,0.140284476889,0.140315103344,0.140315103344,0.141050138263,0.141325776358,0.141295149903,0.141448282177,0.141708607045,0.142076124504,0.142305822916,0.142612087465,0.14301023138,0.143255243019,0.143484941431,0.143622760479,0.143729953071,0.144020904393,0.144250602805,0.14446498799,0.144955011269,0.145138769999,0.145429721321,0.145536913913,0.146333201742,0.146685405974,0.146930417613,0.146991670523,0.147098863115,0.147711392214,0.147726705442,0.147726705442,0.147542946712,0.147803271579,0.147634826077,0.147925777399,0.147956403854,0.147864524489,0.147941090626,0.147833898034,0.147956403854,0.147879837717,0.147818584807,0.147910464171,0.148308608086,0.148492366816,0.148630185863,0.148752691683,0.148507680043,0.148798631365,0.148722065228,0.148507680043,0.148339234541,0.148568932953,0.148798631365,0.148507680043,0.148216728721,0.148232041948,0.148369860996,0.148109536129,0.148247355176,0.147879837717,0.147527633485,0.147451067347,0.147527633485,0.147420440892,0.146961044068,