# R script for Peak Model
#  -- generated by MACS
p <- c(0.0359790700491,0.0368522138909,0.0376976388805,0.0388895495215,0.0398597093457,0.0407467126134,0.0415089810467,0.042298968332,0.0431443933216,0.0439066617549,0.044641211336,0.0455282146038,0.0463736395934,0.0475516908084,0.0482169432592,0.0491593842312,0.0499909497948,0.0510026878971,0.051917410017,0.0529707263975,0.0537329948307,0.0545922792464,0.0553684071057,0.056394004634,0.0572810079018,0.0581264328914,0.0589857173071,0.0598588611488,0.0607735832687,0.0614942734237,0.0624228549697,0.0635038902023,0.0644463311743,0.0652917561639,0.0661787594317,0.0670519032734,0.0682438139145,0.0691585360344,0.0691169577562,0.0690199417738,0.0689645040695,0.0690199417738,0.0691169577562,0.0692416925907,0.0694080057034,0.0691446766083,0.0694080057034,0.0691030983301,0.0690199417738,0.0689922229217,0.0688674880871,0.0688952069392,0.0691585360344,0.0691585360344,0.069061520052,0.0688952069392,0.068604158992,0.0687566126787,0.0684239864532,0.0683546893229,0.0682992516187,0.068368548749,0.0685348618617,0.0684378458793,0.0682853921927,0.0681883762102,0.0682438139145,0.0681052196539,0.0681190790799,0.0681745167842,0.0682853921927,0.0682992516187,0.0684794241575,0.0684794241575,0.0686457372702,0.0684101270272,0.0683408298969,0.0684517053054,0.0683408298969,0.0681190790799,0.0682438139145,0.0682438139145,0.0684101270272,0.0683408298969,0.0683546893229,0.0685764401399,0.0687288938265,0.068825909809,0.068825909809,0.0683546893229,0.0685764401399,0.0686180184181,0.0688813475132,0.0688674880871,0.0689922229217,0.0687566126787,0.0689506446435,0.0691030983301,0.0689922229217,0.0689090663653,0.0687981909568,0.0688120503829,0.0687981909568,0.068839769235,0.0690338011998,0.0692001143125,0.0692139737386,0.0688536286611,0.068825909809,0.0687566126787,0.0686595966962,0.0687566126787,0.0684932835835,0.068604158992,0.0685487212878,0.0686180184181,0.0687011749744,0.0686318778441,0.0685348618617,0.0684794241575,0.0681745167842,0.0683131110448,0.0680220630975,0.0682438139145,0.068368548749,0.068590299566,0.0686734561223,0.0688952069392,0.0691585360344,0.0693802868513,0.0694911622598,0.0696713347986,0.0697406319288,0.0697267725028,0.0696990536507,0.0697544913549,0.0696436159464,0.0694218651295,0.0695604593901,0.0696297565204,0.0696574753725,0.0696020376683,0.0693248491471,0.0695604593901,0.0695604593901,0.0691585360344,0.0691169577562,0.0689922229217,0.0690199417738,0.068825909809,0.0688536286611,0.0690060823477,0.0692555520168,0.0692416925907,0.0694218651295,0.0692832708689,0.069075379478,0.0691585360344,0.0692555520168,0.0693387085731,0.0693525679992,0.0693664274253,0.0692139737386,0.0690892389041,0.0692694114428,0.0693525679992,0.069546599964,0.0695188811119,0.0691723954604,0.0691585360344,0.069061520052,0.0692832708689,0.069297130295,0.0692555520168,0.069532740538,0.0695743188161,0.0697544913549,0.0700455393021,0.0701286958585,0.0701009770064,0.0699485233197,0.0701979929888,0.0700593987282,0.0703088683973,0.0705029003621,0.0705721974924,0.0705860569184,0.0706692134748,0.0706553540487,0.0706137757706,0.0705444786403,0.0706692134748,0.0705721974924,0.0705306192142,0.0705444786403,0.070489040936,0.0705583380663,0.0704474626579,0.0706414946227,0.0706414946227,0.0705999163445,0.0704613220839,0.0703227278233,0.0706553540487,0.0705583380663,0.0702811495451,0.0701009770064,0.0700455393021,0.0702118524149,0.070239571267,0.0705167597882,0.0705167597882,0.070710791753,0.0708632454396,0.0707800888833,0.0707800888833,0.0709186831439,0.0712513093693,0.0715284978905,0.0715839355947,0.0717363892813,0.0720967343589,0.0721521720631,0.0724709388625,0.0723877823061,0.0726788302534,0.0725263765667,0.0724570794364,0.0724432200104,0.0724570794364,0.0725540954188,0.0728590027921,0.0730946130351,0.0731639101654,0.0731361913133,0.0732470667218,0.0733995204084,0.0738014437641,0.0741479294156,0.0743558208065,0.0744251179368,0.074702306458,0.0747577441622,0.0748963384228,0.075173526944,0.0752289646482,0.0751596675179,0.0755200125954,0.0754784343173,0.075658606856,0.0759080765251,0.0760466707857,0.0762545621766,0.0760050925075,0.0760605302117,0.0764347347153,0.0766149072541,0.0767396420886,0.0773078785571,0.0773217379831,0.0771692842965,0.0774187539655,0.0775989265043,0.0778345367473,0.0779592715818,0.0781948818248,0.0785413674763,0.0785413674763,0.0789017125538,0.0791373227968,0.0794422301701,0.0797332781174,0.0799273100822,0.0804816871246,0.0807172973676,0.0808004539239,0.0812716744099,0.0814795658008,0.0817706137481,0.0819785051389,0.0821725371038,0.0822972719383,0.0827823518504,0.0830595403715,0.0831981346321,0.0835169014315,0.0835584797097,0.0837663711005,0.0838495276569,0.0840019813435,0.0841960133084,0.0843761858471,0.0846117960901,0.0848335469071,0.0850275788719,0.0853879239494,0.0858868632876,0.0861501923827,0.0865243968863,0.0868293042596,0.0872728058935,0.0875915726928,0.0880489337528,0.0882706845697,0.0884647165345,0.0889220775945,0.0893240009502,0.089504173489,0.0898229402883,0.0900446911053,0.0905159115913,0.0909039755209,0.0911395857639,0.0910841480597,0.0914860714154,0.0916108062499,0.0918741353451,0.0920820267359,0.0923592152571,0.092567106648,0.0929274517255,0.0931630619685,0.0938837521236,0.0938976115497,0.0942440972011,0.094451988592,0.0945628640005,0.0946183017047,0.0950340844865,0.0954914455465,0.0958795094761,0.0959349471803,0.0962814328318,0.0965724807791,0.0964754647966,0.0969189664305,0.0973486086384,0.0976812348638,0.0981663147758,0.0983187684625,0.0985959569837,0.0988177078006,0.0989424426351,0.0992750688606,0.0992750688606,0.0996354139381,0.100023477868,0.10012049385,0.100591714336,0.100924340562,0.101049075396,0.101229247935,0.101312404491,0.101575733586,0.101839062681,0.101700468421,0.101936078664,0.102462736854,0.102490455706,0.102739925375,0.103363599548,0.103446756104,0.104098149129,0.104333759372,0.104818839284,0.105096027805,0.105719701978,0.105996890499,0.106190922464,0.106648283524,0.106870034341,0.107230379418,0.107244238844,0.107493708514,0.107909491295,0.108311414651,0.108463868338,0.108671759729,0.109184558493,0.109697357257,0.110293312577,0.110293312577,0.110376469134,0.110556641673,0.110750673637,0.111055581011,0.111111018715,0.111651536331,0.112025740835,0.112302929356,0.112566258451,0.113065197789,0.113480980571,0.11379974737,0.113772028518,0.114201670726,0.114728328916,0.114977798585,0.115227268254,0.115352003089,0.11555989448,0.116072693244,0.116460757174,0.116848821103,0.116737945695,0.117028993642,0.117195306755,0.117763543223,0.118082310023,0.118234763709,0.118733703047,0.118913875586,0.119177204681,0.119551409185,0.120008770245,0.120521569009,0.121103664903,0.121755057928,0.122420310379,0.1230162657,0.123515205038,0.123736955855,0.124208176341,0.124693256253,0.125164476739,0.125330789851,0.125802010337,0.126370246806,0.126980061552,0.127451282038,0.128144253341,0.128795646366,0.129142132018,0.129710368486,0.130292464381,0.130735966014,0.130957716831,0.131415077891,0.131539812726,0.132205065177,0.132496113124,0.132953474184,0.133189084427,0.133909774582,0.134422573346,0.134575027033,0.135198701205,0.135365014318,0.135960969639,0.136501487255,0.136903410611,0.137208317984,0.137443928227,0.137804273305,0.138178477808,0.138317072069,0.138885308537,0.13943968558,0.139855468361,0.140382126552,0.140756331055,0.141130535559,0.141809647436,0.142142273661,0.14277980726,0.143431200285,0.143514356841,0.144110312161,0.14435978183,0.14481714289,0.145510114193,0.145718005584,0.145759583862,0.146466414591,0.146521852296,0.147048510486,0.147824638345,0.147838497771,0.14801867031,0.148434453092,0.149196721525,0.149501628898,0.150250037906,0.150568804705,0.150582664131,0.150915290356,0.151095462895,0.151552823955,0.151982466163,0.152148779276,0.15220421698,0.152218076406,0.15220421698,0.152231935832,0.152162638702,0.152107200997,0.152509124353,0.152633859188,0.152481405501,0.15273087517,0.152675437466,0.152717015744,0.1528001723,0.152703156318,0.152328951814,0.152245795258,0.152259654684,0.152190357554,0.152384389519,