# R script for Peak Model
#  -- generated by MACS
p <- c(0.0342704550077,0.0351241233816,0.0360272797771,0.0368562041401,0.0379325686114,0.0388604690178,0.0397141373916,0.0404440857113,0.0414957061718,0.0424112345727,0.0434009950062,0.0442917793963,0.0452815398297,0.0461228361981,0.0471125966315,0.0479167769837,0.0488941654117,0.0495869977151,0.0504159220781,0.0512324744357,0.0520613987987,0.0529398111834,0.0541275237035,0.0551049121315,0.0559585805054,0.0567998768738,0.0577648932964,0.0585567016432,0.0596330661145,0.06053622251,0.0613032868459,0.0623054192848,0.0631590876586,0.0641488480921,0.0650520044876,0.0659180448668,0.0667098532136,0.0676130096091,0.0674892895549,0.0676501256253,0.0675016615603,0.0678604497174,0.0677738456795,0.067551149582,0.0676253816145,0.067699613647,0.0675387775766,0.0678233337012,0.0679717977662,0.0679841697716,0.0680336577933,0.0679841697716,0.0681697498529,0.0681697498529,0.0682192378746,0.0682068658692,0.0681944938637,0.0681450058421,0.0678233337012,0.0676748696362,0.0678357057066,0.0677614736741,0.067996541777,0.0683677019396,0.06823160988,0.0683305859233,0.0684295619667,0.0685532820209,0.0685037939992,0.0683553299342,0.0682934699071,0.0684048179558,0.0685903980371,0.0686027700425,0.068912070178,0.0689491861942,0.0689615581996,0.0690976502592,0.0690481622376,0.0691966263026,0.0690729062484,0.0691100222647,0.0691471382809,0.069357462373,0.0691347662755,0.0691347662755,0.0691100222647,0.0690357902322,0.0690852782538,0.0691842542972,0.0690852782538,0.069208998308,0.0692584863297,0.0693698343784,0.0694316944055,0.0695554144597,0.0697781105572,0.0699389466277,0.0697657385518,0.0696543905031,0.0696172744868,0.0698275985789,0.0698647145952,0.0700255506656,0.0699760626439,0.0701987587414,0.0703719668173,0.0704338268444,0.070569918904,0.0706812669527,0.070718382969,0.0706812669527,0.0709163350557,0.0710647991207,0.0712380071965,0.0712627512074,0.0712998672236,0.0712256351911,0.0712380071965,0.0715225633212,0.0715720513428,0.0715225633212,0.0714235872778,0.0714854473049,0.0715844233483,0.0718194914512,0.0717205154078,0.0719555835108,0.0722525116408,0.0722896276571,0.0725741837817,0.0726607878196,0.0729329719388,0.0729700879551,0.0730195759767,0.073056691993,0.0732422720743,0.0738237563289,0.0736629202585,0.0735268281989,0.0736258042422,0.0735144561935,0.0736258042422,0.0734278521555,0.0737000362747,0.0738608723452,0.0739969644048,0.073885616356,0.0737866403126,0.0738732443506,0.0736629202585,0.0736258042422,0.073588688226,0.0735392002043,0.0737618963018,0.0737618963018,0.0736876642693,0.0737990123181,0.0739969644048,0.0740835684427,0.0743186365456,0.0743681245673,0.0745413326431,0.0746526806919,0.074714540719,0.0747516567352,0.0748877487948,0.0749743528328,0.0749743528328,0.075246536952,0.0753826290116,0.0754321170332,0.0754321170332,0.0756671851362,0.075691929147,0.075840393212,0.0761249493366,0.076075461315,0.0760507173041,0.0763229014233,0.0762981574125,0.0760136012879,0.0762981574125,0.0762857854071,0.0762362973854,0.0761249493366,0.0760383452987,0.0760507173041,0.0760012292825,0.0760012292825,0.0758527652174,0.0759393692554,0.0761496933475,0.0761868093637,0.0762362973854,0.0761496933475,0.0761125773312,0.0762362973854,0.0762610413962,0.0760507173041,0.0758032771958,0.0757043011524,0.0760259732933,0.075840393212,0.0757661611795,0.0757537891741,0.075543465082,0.0755310930766,0.0754073730224,0.0756424411253,0.0756671851362,0.0755929531037,0.0751970489303,0.0750609568707,0.0750980728869,0.0750485848653,0.0751228168978,0.0751104448924,0.0750980728869,0.0753331409899,0.0752960249736,0.0754939770603,0.0754939770603,0.0755558370874,0.0755187210712,0.0756300691199,0.0760012292825,0.0759641132662,0.0761373213421,0.0762486693908,0.0761620653529,0.0761620653529,0.0762981574125,0.0761991813691,0.0761744373583,0.0759764852716,0.0758898812337,0.0760259732933,0.075840393212,0.0758775092283,0.0758898812337,0.0762115533746,0.0759517412608,0.0758775092283,0.076075461315,0.075988857277,0.0760878333204,0.0763476454342,0.0765084815046,0.0762362973854,0.0761620653529,0.0763229014233,0.0760259732933,0.0760383452987,0.0762115533746,0.0760383452987,0.0759393692554,0.0760630893095,0.0757290451633,0.0758032771958,0.0760383452987,0.0763105294179,0.0767435496075,0.0769786177105,0.0770899657592,0.0771394537809,0.0772136858134,0.0773250338622,0.0775477299597,0.0774240099055,0.0778322860843,0.0779436341331,0.0779436341331,0.0781292142143,0.078475630366,0.0787230704744,0.0789952545936,0.0790323706099,0.0792055786857,0.0795891108537,0.0795272508266,0.0798984109891,0.080368547195,0.0808015673846,0.0812098435634,0.0813088196068,0.0817047237801,0.0821129999589,0.0824470441052,0.0825955081702,0.0830656443761,0.0835605245928,0.0838203367066,0.0841172648366,0.0843894489558,0.0844018209612,0.08481009714,0.085045165243,0.0855153014489,0.0859483216385,0.086467945866,0.0867153859744,0.0870989181424,0.0877793784403,0.0880268185487,0.08821239863,0.0884227227221,0.0885959307979,0.0888804869225,0.0892887631013,0.0896599232639,0.0901919194968,0.0905383356485,0.0906496836973,0.0910455878707,0.0912682839682,0.0915033520711,0.0914538640495,0.0919611162716,0.0925178565154,0.0925302285208,0.0927405526129,0.0929137606888,0.0930498527484,0.0933220368676,0.0936437090085,0.0939653811493,0.0942870532902,0.094843793534,0.0951159776532,0.0954129057832,0.0956850899024,0.0962418301462,0.0967490823684,0.0973429386284,0.0975903787368,0.0978254468397,0.0978873068668,0.0981966070023,0.0986048831811,0.0992234834519,0.0994338075441,0.0997925957012,0.100027663804,0.0999039437499,0.100547288032,0.100671008086,0.100819472151,0.100906076189,0.101079284265,0.101363840389,0.101586536487,0.101895836622,0.102254624779,0.102291740796,0.102687644969,0.103095921148,0.103157781175,0.103417593289,0.103405221283,0.103566057354,0.10403619356,0.104085681581,0.104345493695,0.104543445782,0.104852745917,0.105186790063,0.105322882123,0.105582694237,0.106040458437,0.106164178491,0.106832266784,0.106993102854,0.107290030984,0.107364263017,0.107525099087,0.107797283207,0.107883887245,0.108081839331,0.107982863288,0.108304535429,0.108613835564,0.108873647678,0.109504619954,0.109665456025,0.109764432068,0.109900524128,0.110246940279,0.110580984426,0.111075864642,0.11129856074,0.111657348897,0.11205325307,0.112362553206,0.112609993314,0.112845061417,0.113154361553,0.113661613775,0.114255470035,0.114515282149,0.114676118219,0.115307090495,0.115938062772,0.116234990902,0.116395826972,0.116927823205,0.117224751335,0.117732003557,0.117769119573,0.118004187676,0.118486695888,0.118944460088,0.119130040169,0.119439340305,0.119761012446,0.119934220522,0.119835244478,0.120367240711,0.120998212988,0.12120853708,0.121715789302,0.122025089437,0.122470481632,0.123002477865,0.123621078136,0.124029354315,0.124536606537,0.125130462797,0.125687203041,0.126404779355,0.126837799545,0.126899659572,0.127369795778,0.128124488108,0.12817397613,0.128804948406,0.129188480574,0.129510152715,0.130190613013,0.130883445316,0.131464929571,0.13187320575,0.132194877891,0.13276399014,0.133382590411,0.133729006563,0.134261002796,0.134743511007,0.135287879245,0.135683783419,0.136426103744,0.136995215993,0.137477724204,0.137898372388,0.13824478854,0.139024224881,0.139481989082,0.139964497293,0.140694445613,0.141152209813,0.141770810084,0.142414154366,0.14297089461,0.143527634854,0.143812190978,0.143911167022,0.144047259081,0.14461637133,0.145074135531,0.146039151953,0.146595892197,0.146694868241,0.147053656398,0.14742481656,0.147338212522,0.14756090862,0.148130020869,0.148179508891,0.14829085694,0.148637273091,0.149156897319,0.149231129351,0.149404337427,0.149627033525,0.150431213877,0.150790002034,0.15096321011,0.151272510245,0.151247766234,0.151383858294,0.151334370272,0.151668414419,0.151891110516,0.151977714554,0.151891110516,0.1523117587,0.152645802847,0.152571570814,0.152831382928,0.152979846993,0.152917986966,0.153016963009,0.153054079025,0.153054079025,0.153140683063,0.152856126939,0.152955102982,0.152979846993,0.15288087095,0.152868498944,