# R script for Peak Model
#  -- generated by MACS
p <- c(0.0360692126079,0.0371677673066,0.0380221987389,0.0391207534376,0.0398683809409,0.0408601317106,0.0416687900305,0.0425232214628,0.0435302299367,0.044384661369,0.0453306390262,0.0463071320917,0.0472836251573,0.0481990874062,0.0490687765427,0.0500452696082,0.0509149587447,0.051769390177,0.0527763986509,0.0537071186039,0.0544394884031,0.0551871159064,0.0560415473387,0.0568044325461,0.0578266987241,0.0587574186772,0.0596423655178,0.0606341162875,0.0617784440987,0.0627244217559,0.0635178223716,0.0644332846206,0.0651809121239,0.0660658589645,0.0671338982549,0.0682019375453,0.0691173997943,0.0700481197473,0.0703990469428,0.0706736856174,0.0703685315345,0.0705363662801,0.0704295623511,0.0705668816884,0.0705668816884,0.0705668816884,0.0706584279133,0.0704295623511,0.0702617276054,0.0700786351556,0.06991080041,0.0700633774515,0.0701091505639,0.0702312121971,0.0701396659722,0.0701244082681,0.0699718312266,0.0697429656644,0.0700633774515,0.0697582233685,0.0698345118893,0.0697887387768,0.070017604339,0.0699260581142,0.0697277079602,0.0695751309187,0.0694072961731,0.0695903886229,0.0694835846938,0.0694378115814,0.0693767807648,0.0691631729067,0.0691479152026,0.0691784306109,0.0690411112735,0.0692547191316,0.0692547191316,0.0692547191316,0.0693920384689,0.0692699768358,0.069498842398,0.0694530692855,0.069605646327,0.0694530692855,0.0695293578063,0.069605646327,0.0696514194395,0.0695141001021,0.0697124502561,0.0695141001021,0.0697124502561,0.0697429656644,0.0697887387768,0.0698802850017,0.0698650272976,0.0698802850017,0.0700328620432,0.0700328620432,0.069803996481,0.0700481197473,0.0700328620432,0.0701854390847,0.0702312121971,0.0701701813805,0.0699718312266,0.0698650272976,0.0700938928598,0.0700328620432,0.0702922430137,0.0703685315345,0.0702464699013,0.0702006967888,0.0701244082681,0.0702006967888,0.0698955427059,0.0697277079602,0.0697734810727,0.0697124502561,0.069803996481,0.0698955427059,0.0698650272976,0.0700938928598,0.070017604339,0.0703380161262,0.0705516239843,0.0705058508718,0.0706736856174,0.0705973970967,0.0706736856174,0.0704600777594,0.0707042010257,0.0704600777594,0.0709025511797,0.0708720357714,0.0706584279133,0.0707652318423,0.0707499741382,0.0707194587299,0.0706889433216,0.0706584279133,0.0707499741382,0.0708872934755,0.0712077052627,0.070933066588,0.0711924475585,0.0712839937834,0.0712077052627,0.0711161590378,0.0711314167419,0.071039870517,0.0709940974046,0.0709025511797,0.0708262626589,0.070734716434,0.0707194587299,0.0706431702091,0.0706889433216,0.0704753354635,0.0703837892386,0.0706584279133,0.0704905931677,0.070627912505,0.0704600777594,0.0706736856174,0.0703837892386,0.070627912505,0.0706584279133,0.0706584279133,0.0706431702091,0.0705973970967,0.0706584279133,0.0708262626589,0.0709635819963,0.0713450246,0.071650178683,0.0715433747539,0.0714060554166,0.0712534783751,0.0712839937834,0.0710856436295,0.0711314167419,0.0712229629668,0.0711924475585,0.0711771898544,0.0711161590378,0.0710246128129,0.0710246128129,0.0708567780672,0.0711009013336,0.0709483242921,0.0710093551087,0.0707652318423,0.0710093551087,0.0708262626589,0.0709635819963,0.0707652318423,0.0709025511797,0.0708567780672,0.0710246128129,0.071039870517,0.0707804895465,0.0708415203631,0.0707957472506,0.0707499741382,0.0707042010257,0.070734716434,0.0707652318423,0.0709025511797,0.070521108576,0.0707194587299,0.0707652318423,0.0707652318423,0.0708567780672,0.0708872934755,0.070734716434,0.0706889433216,0.0707957472506,0.0708415203631,0.0707652318423,0.0706889433216,0.0707652318423,0.070933066588,0.0711771898544,0.0710856436295,0.0711619321502,0.0714823439373,0.071756982612,0.0721079098074,0.0721536829199,0.0723520330738,0.0723062599614,0.072474094707,0.0724893524112,0.0729318258315,0.0729470835356,0.0731606913937,0.0730538874647,0.0732674953228,0.073603164814,0.0735879071099,0.0737709995597,0.0737709995597,0.0739693497136,0.0741676998675,0.0744118231339,0.0745491424713,0.0744270808381,0.0744881116547,0.0745033693588,0.0743355346132,0.0744728539505,0.0747017195127,0.0748848119625,0.0750068735957,0.0750221312999,0.0755866663534,0.0760138820695,0.0762885207442,0.076364809265,0.0766089325313,0.0768225403894,0.0772344984015,0.0772650138097,0.0773718177388,0.0774023331471,0.0779821259047,0.0782262491711,0.0788060419288,0.0789738766744,0.0794163500947,0.0795689271362,0.0798740812192,0.0798283081068,0.0801029467814,0.0804386162727,0.0805454202017,0.0810184090304,0.0813388208175,0.0818575827586,0.0822542830664,0.0823305715872,0.0826357256701,0.0828645912324,0.0832612915402,0.0837800534813,0.0841309806767,0.0843140731265,0.0845581963929,0.0848175773634,0.0854431432335,0.0858703589497,0.0864959248198,0.0868926251277,0.0872740677314,0.087335098548,0.0875181909978,0.0874724178853,0.0878996336015,0.0885862302882,0.0891660230458,0.0890439614127,0.0890897345251,0.089288084679,0.0891965384541,0.0897458158035,0.0898526197325,0.0903713816736,0.0907680819815,0.0910579783603,0.0912868439225,0.0919276674968,0.0922633369881,0.092766841225,0.0930414798997,0.0931330261245,0.0937585919946,0.0940484883735,0.0945367349062,0.0947808581726,0.0949639506224,0.0952385892971,0.0955132279718,0.0959404436879,0.0960930207294,0.0963829171083,0.0967185865995,0.0968559059369,0.0970237406825,0.0976340488485,0.0981528107895,0.0985800265057,0.0987326035472,0.0986563150264,0.0989919845177,0.0995412618671,0.100044766104,0.100349920187,0.100456724116,0.101143320803,0.101524763406,0.101692598152,0.101890948306,0.102104556164,0.102318164022,0.102730122034,0.10289795678,0.103279399384,0.103538780354,0.104057542295,0.104408469491,0.10451527342,0.104973004544,0.105339189444,0.105659601231,0.106117332355,0.106529290367,0.106941248379,0.107505783433,0.107887226036,0.108207637824,0.108360214865,0.108558565019,0.109245161706,0.109428254156,0.109931758392,0.110191139363,0.110465778038,0.11051155115,0.110755674416,0.111167632428,0.111701652074,0.112495052689,0.112983299222,0.112723918252,0.112540825802,0.113181649376,0.113578349684,0.1140055654,0.114676904383,0.115119377803,0.115073604691,0.115516078111,0.115516078111,0.115775459081,0.116187417093,0.116538344289,0.11705710623,0.1173164872,0.117728445212,0.117514837354,0.117987826183,0.118292980266,0.118781226799,0.119132153994,0.119330504148,0.120032358539,0.120306997214,0.120749470634,0.121115655534,0.12154287125,0.122000602374,0.122809260694,0.123312764931,0.124029877026,0.124029877026,0.12404513473,0.124396061926,0.124746989121,0.125311524174,0.125433585808,0.125723482186,0.126349048057,0.126989871631,0.127691726022,0.127691726022,0.128195230259,0.128866569241,0.129263269549,0.130010897052,0.130361824248,0.130636462922,0.131155224863,0.131567182875,0.132009656296,0.132421614308,0.132757283799,0.133169241811,0.133443880486,0.133657488344,0.133977900131,0.134359342735,0.134801816155,0.135366351209,0.13588511315,0.136464905907,0.136663256061,0.137014183257,0.137716037647,0.138005934026,0.138707788417,0.139211292654,0.139592735258,0.139897889341,0.140386135874,0.140767578477,0.141164278785,0.141667783022,0.142308606596,0.142781595425,0.143803861603,0.14449045829,0.144810870077,0.145482209059,0.145985713296,0.146031486409,0.146214578858,0.146870660137,0.147130041107,0.147587772232,0.147603029936,0.148411688256,0.14861003841,0.148472719072,0.148854161676,0.149281377392,0.149998489487,0.15022735505,0.150318901274,0.150456220612,0.150685086174,0.150898694032,0.151051271074,0.151386940565,0.151890444802,0.152470237559,0.152836422459,0.153050030317,0.153278895879,0.153477246033,0.1537213693,0.154026523383,0.154362192874,0.154530027619,0.154743635478,0.154850439407,0.155216624306,0.155079304969,0.154911470223,0.154804666294,0.154499512211,0.154682604661,0.154697862365,0.154667346957,0.154545285324,0.154774150886,0.154835181702,0.155033531856,0.15497250104,0.155170851194,0.155186108898,0.154804666294,0.154941985632,0.155201366602,0.15523188201,0.155338685939,0.155369201348,0.15523188201,0.155140335785,0.154835181702,0.154560543028,