# R script for Peak Model
#  -- generated by MACS
p <- c(0.0347490487979,0.0357648368735,0.0365532097084,0.037538675752,0.0384331756992,0.0394186417428,0.0402979806739,0.0412379636694,0.0420414975203,0.0427389042588,0.0435575991258,0.0442853278964,0.0452404719079,0.046119810839,0.0469081836739,0.0476813954927,0.0484849293436,0.0493642682748,0.0502132851739,0.0511229461372,0.0520022850683,0.0529725900959,0.053851929027,0.0547161069422,0.0556257679055,0.0564444627724,0.0573692847518,0.0580515304742,0.0589308694054,0.0597647252885,0.0606895472678,0.0616446912793,0.0624785471623,0.0633730471095,0.0643130301049,0.0652984961485,0.0661626740636,0.0671178180751,0.0672845892517,0.067375555348,0.0673149112838,0.0672239451875,0.0672239451875,0.0672239451875,0.0671329790911,0.0668449197861,0.0669662079145,0.0669510468985,0.0668904028343,0.0668600808022,0.0667236316577,0.066814597754,0.0669358858824,0.066814597754,0.0667539536898,0.0668752418182,0.0670723350269,0.0670571740109,0.0672694282356,0.0673907163641,0.0674210383962,0.0674210383962,0.0674968434765,0.0670723350269,0.0669662079145,0.0666175045453,0.0663446062563,0.0662233181278,0.0659655808549,0.0656926825659,0.0654804283412,0.0652226910682,0.0649801148113,0.0649952758274,0.0649649537953,0.0649952758274,0.0650407588756,0.0648588266829,0.0649043097311,0.0648436656668,0.0647678605866,0.0646768944902,0.0647678605866,0.0646465724581,0.064616250426,0.0648436656668,0.0648285046508,0.0648436656668,0.0647981826187,0.0646768944902,0.064873987699,0.0649497927792,0.0650104368435,0.0649497927792,0.0648588266829,0.0650104368435,0.0649497927792,0.0648436656668,0.0647981826187,0.0648588266829,0.0649194707471,0.0650255978595,0.0650862419237,0.0652530131003,0.0651468859879,0.0653894622448,0.0653136571646,0.0652378520843,0.0651923690361,0.0650255978595,0.0651165639558,0.0648436656668,0.0647375385545,0.0644798012815,0.064328191121,0.0641462589283,0.0641614199444,0.0644494792494,0.0644949622976,0.0644949622976,0.0645404453457,0.06460108941,0.0646617334742,0.0646465724581,0.0645707673779,0.0644191572173,0.0642827080728,0.0638127165751,0.0636156233664,0.0637217504788,0.0638581996233,0.0637672335269,0.0634791742219,0.0633882081256,0.0631456318687,0.0629788606921,0.0627817674834,0.0630395047563,0.0632669199971,0.0636307843825,0.063782394543,0.0641007758802,0.0639794877517,0.064070453848,0.0642523860407,0.0644039962013,0.0646920555063,0.0647072165224,0.0646465724581,0.0645859283939,0.0647678605866,0.0646314114421,0.0646920555063,0.0649952758274,0.065162047004,0.064889148715,0.0650407588756,0.0651468859879,0.0650255978595,0.0650407588756,0.0652984961485,0.0651165639558,0.065162047004,0.0654652673251,0.0655107503733,0.0655713944375,0.0654955893572,0.0655410724054,0.0656320385017,0.0656471995178,0.0656623605338,0.0657836486623,0.0659049367907,0.065980741871,0.0661323520315,0.0659655808549,0.0659352588228,0.0657533266301,0.0658594537425,0.0658291317104,0.0660262249191,0.0658594537425,0.0659200978067,0.0659504198389,0.0661475130476,0.0664658943847,0.0665265384489,0.0668904028343,0.0670116909627,0.0671481401072,0.0672087841714,0.0675423265246,0.0675271655086,0.0676939366852,0.0676181316049,0.0678455468457,0.0680578010705,0.0683306993595,0.06848230952,0.0686339196806,0.0689068179696,0.0690584281301,0.0693616484512,0.0697709958847,0.0702409873824,0.0704229195751,0.0705593687195,0.0709383941209,0.0712567754581,0.0713780635865,0.0717419279718,0.0718632161003,0.0720906313411,0.0718177330521,0.0717116059397,0.0715751567952,0.0714690296828,0.0714690296828,0.0716206398434,0.0715751567952,0.0718935381324,0.072060309309,0.0717722500039,0.0719086991484,0.0719390211805,0.0719693432127,0.0718480550842,0.0721361143893,0.0724090126782,0.0721967584535,0.0723635296301,0.0727880380796,0.0729851312883,0.0728031990957,0.0730306143365,0.0732580295773,0.0733035126255,0.073455122786,0.0734248007539,0.0734096397379,0.0735309278663,0.073728021075,0.0738341481874,0.0741070464764,0.074000919364,0.0742131735888,0.0747286481346,0.074546715942,0.0748650972791,0.07509251252,0.0750318684557,0.0754108938571,0.0756079870658,0.0762750717722,0.0763963599007,0.0767299022539,0.0769118344466,0.0770482835911,0.077594080169,0.0777911733777,0.0779276225222,0.0780337496346,0.0778973004901,0.0780943936988,0.0785340631644,0.0787614784053,0.0789282495819,0.0789282495819,0.0791859868548,0.0793679190475,0.0796711393685,0.0797014614007,0.0799895207057,0.0801411308663,0.0802017749305,0.0807324104924,0.0807627325245,0.0808536986208,0.0811114358938,0.0813691731667,0.0815662663754,0.0816269104396,0.0821878680337,0.0820817409213,0.0822030290497,0.0826881815635,0.0830217239167,0.0830672069648,0.0834007493181,0.0839162238639,0.0840071899603,0.0843104102814,0.0846136306025,0.0847349187309,0.0852807153089,0.0854626475015,0.0858265118868,0.0858871559511,0.0864935965933,0.0867816558983,0.0872061643478,0.0877367999098,0.088085503279,0.088070342263,0.088631299857,0.088919359162,0.0890406472905,0.0892680625313,0.0893287065955,0.089722893013,0.0901019184143,0.0902232065428,0.0906325539762,0.0910873844579,0.0915270539235,0.0918605962767,0.0923457487905,0.0925883250473,0.0928612233363,0.093058316545,0.0937254012515,0.094149909701,0.0941802317331,0.0948321554235,0.094968604568,0.0953324689533,0.0959692316276,0.0962118078845,0.0964998671895,0.0963330960129,0.0967424434464,0.0970153417354,0.0972579179922,0.0979098416826,0.0980766128592,0.0986224094372,0.0989559517904,0.0993804602399,0.099683680561,0.0999262568179,0.100153672059,0.100547858476,0.100744951685,0.101260426231,0.101442358423,0.1016091296,0.10218524821,0.102458146499,0.102700722756,0.102928137997,0.103170714254,0.103307163398,0.103671027783,0.104231985378,0.104247146394,0.104504883666,0.104641332811,0.104883909068,0.104944553132,0.105399383614,0.105702603935,0.105641959871,0.105520671742,0.106111951368,0.106794197091,0.107036773348,0.107552247894,0.10779482415,0.107976756343,0.108674163082,0.109053188483,0.109765756238,0.110114459607,0.110660256185,0.110796705329,0.111327340891,0.111812493405,0.111948942549,0.112130874742,0.112813120465,0.112767637416,0.113374078059,0.11375310346,0.114041162765,0.114541476295,0.11498114576,0.115102433889,0.115496620306,0.115875645708,0.116466925334,0.117088526992,0.117209815121,0.117422069345,0.117573679506,0.118225603196,0.118695594694,0.118968492983,0.11921106924,0.119772026834,0.119847831914,0.120135891219,0.120151052235,0.12051491662,0.120893942022,0.121212323359,0.121712636889,0.121985535178,0.122425204643,0.122986162237,0.122940679189,0.123183255446,0.123395509671,0.123804857104,0.124153560474,0.124805484164,0.125502890903,0.125851594272,0.126564162026,0.127428339942,0.127610272134,0.127974136519,0.128474450049,0.12870186529,0.129490238125,0.129914746575,0.13043022112,0.131157949891,0.131779551549,0.132234382031,0.132385992191,0.133235009091,0.133674678556,0.134220475134,0.134356924279,0.134751110696,0.13516045813,0.135372712354,0.136191407221,0.136722042783,0.137176873265,0.13746493257,0.137980407116,0.138920390111,0.139860373107,0.140497135781,0.140648745941,0.141027771343,0.141118737439,0.141437118776,0.141876788242,0.142650000061,0.142862254285,0.143317084767,0.143620305088,0.144529966051,0.145060601613,0.145500271079,0.145985423593,0.146394771026,0.146864762524,0.147031533701,0.147274109957,0.147683457391,0.148380864129,0.148274737017,0.148441508194,0.148638601402,0.149396652205,0.149593745414,0.150215347072,0.150230508088,0.150457923329,0.150564050441,0.150745982634,0.150867270762,0.151170491084,0.151594999533,0.151974024934,0.152095313063,0.15233788932,0.152595626593,0.152792719801,0.153202067235,0.15341432146,0.153186906219,0.153732702797,0.153869151941,0.154111728198,0.154354304455,0.154308821407,0.154384626487,0.15414205023,0.15406624515,0.153975279054,0.153732702797,0.154111728198,0.154460431567,0.154445270551,0.154308821407,0.154172372262,0.154460431567,0.154430109535,0.154051084134,0.153732702797,0.153732702797,0.154187533278,0.153884312957,0.153853990925,0.153869151941,0.154384626487,