# R script for Peak Model
#  -- generated by MACS
p <- c(0.0340169582527,0.0349435946994,0.0358836606598,0.0367834380791,0.0375220613337,0.0383949797255,0.0391738915212,0.039952803317,0.0408928692774,0.0418195057241,0.0426252765473,0.0434847654253,0.0443979723583,0.0452037431815,0.0461840976831,0.0469630094788,0.0478090688432,0.0488162823722,0.0497026302777,0.0506024076969,0.0515827621985,0.0525362576726,0.0533420284958,0.0541746583465,0.0548998520873,0.0556384753419,0.0565382527612,0.0571157218511,0.0578140565646,0.0586198273878,0.0595867523756,0.0603790936851,0.0613863072141,0.0625681044215,0.0632932981623,0.0642333641227,0.0650122759185,0.0658717647966,0.0658583352829,0.0660060599338,0.0661000665298,0.0661000665298,0.0660329189612,0.0659523418789,0.0659926304201,0.0661000665298,0.0657777582005,0.0659389123652,0.065804617228,0.0659523418789,0.0661134960435,0.0662075026396,0.0662075026396,0.0662477911807,0.06657009951,0.066476092914,0.0665566699963,0.0664223748591,0.0664223748591,0.0664089453454,0.0663283682631,0.0661806436121,0.0662075026396,0.0663149387493,0.0661269255573,0.066140355071,0.0662612206945,0.0663552272905,0.0663820863179,0.066476092914,0.0664626634003,0.0665163814551,0.0666103880512,0.0666506765923,0.0666506765923,0.0666372470786,0.0665432404826,0.0664223748591,0.0664358043728,0.066476092914,0.0665029519414,0.0664626634003,0.0666909651335,0.0667715422158,0.0667178241609,0.0667984012433,0.0668924078393,0.0670267029765,0.0668386897844,0.0669326963805,0.0667446831884,0.0668655488119,0.0669864144353,0.0667715422158,0.0667581127021,0.0667984012433,0.0667984012433,0.0668924078393,0.066811830757,0.0667715422158,0.0668789783256,0.0669326963805,0.0667984012433,0.066905837353,0.0671207095725,0.0670401324902,0.0669729849216,0.0669192668667,0.0667581127021,0.0663417977768,0.0665298109689,0.0663686568042,0.0665432404826,0.0664895224277,0.0665298109689,0.0665969585375,0.0664492338865,0.0665163814551,0.0665969585375,0.0666506765923,0.0667446831884,0.066905837353,0.0672684342235,0.0671341390863,0.0674027293607,0.0674161588744,0.0672550047097,0.0670804210314,0.0669729849216,0.0669595554079,0.0667312536747,0.0667849717295,0.0667581127021,0.0666103880512,0.0665969585375,0.0666238175649,0.0667312536747,0.0668655488119,0.0668521192981,0.0668789783256,0.0669192668667,0.0669729849216,0.0668655488119,0.0669729849216,0.0669326963805,0.0667715422158,0.0669729849216,0.0669192668667,0.0668655488119,0.0670401324902,0.0672147161686,0.0676041720665,0.0676713196351,0.0676847491488,0.0676578901213,0.0678459033134,0.0681144935878,0.0681816411564,0.0682622182387,0.0681816411564,0.0682622182387,0.0680473460192,0.0680742050467,0.0681144935878,0.0682622182387,0.0683965133759,0.0684770904582,0.0686382446229,0.0685710970543,0.0685710970543,0.0686113855954,0.0685442380268,0.0685039494857,0.0683830838622,0.0686382446229,0.0688531168424,0.0689874119796,0.0690008414933,0.0691351366305,0.0692291432266,0.0693097203089,0.06935000885,0.0693231498226,0.0695514515558,0.0695245925284,0.0697931828028,0.0698737598851,0.0701020616184,0.0700483435635,0.0701557796732,0.0699543369674,0.0698871893988,0.070021484536,0.0700349140498,0.0698603303714,0.0699140484263,0.0699543369674,0.06992747794,0.0698603303714,0.0698603303714,0.0696185991244,0.0696588876656,0.0698200418302,0.0697394647479,0.0699543369674,0.0699946255086,0.0701289206458,0.0704243699476,0.0705452355711,0.0707063897358,0.0706526716809,0.0709212619553,0.0711092751474,0.071270429312,0.0712972883394,0.0711898522297,0.0713241473669,0.071364435908,0.0714315834766,0.071512160559,0.0715255900727,0.0715524491001,0.0717673213196,0.0718881869431,0.0721030591626,0.0720896296489,0.0719553345117,0.0715524491001,0.0716464556962,0.0718344688882,0.0720090525666,0.071847898402,0.0718210393745,0.0719150459706,0.0719016164568,0.0722104952724,0.0722104952724,0.0725999511703,0.0726939577663,0.0726268101977,0.0727611053349,0.0727476758212,0.0728148233898,0.0728819709584,0.0731505612328,0.0734997285895,0.0736743122679,0.0737683188639,0.0741309157344,0.074292069899,0.0745472306597,0.0746680962832,0.0750709816948,0.075393290024,0.0755275851612,0.0757961754356,0.0760513361963,0.0764810806354,0.0766288052863,0.0767899594509,0.0771928448625,0.0773808580546,0.0775823007604,0.0777703139525,0.0781866288778,0.0783612125562,0.0789118226187,0.0791804128931,0.0795832983047,0.0800264722574,0.080335351073,0.0806173708611,0.0809531087041,0.0811276923825,0.081248558006,0.0815708663352,0.0818663156371,0.0820811878566,0.0824706437545,0.0830346833307,0.0831018308993,0.0837464475579,0.0841896215106,0.0842567690792,0.0846327954634,0.0848208086555,0.0852236940671,0.0854117072592,0.0855191433689,0.085801163157,0.0862711961372,0.0866472225214,0.087144114529,0.0876007179955,0.0878693082699,0.0881916165992,0.0887153676343,0.0891048235322,0.0892391186694,0.0897091516496,0.0900986075474,0.0903940568493,0.0907700832334,0.0914012703783,0.0916027130841,0.0919787394682,0.0924890609896,0.0929456644561,0.0932948318128,0.0937380057656,0.0940468845811,0.0944229109653,0.0948123668632,0.0950943866513,0.0953764064394,0.0958867279608,0.0961016001803,0.0966119217016,0.0969879480858,0.0972968269014,0.0976594237718,0.0978340074502,0.0981025977246,0.0986800668145,0.0989217980615,0.0991500997947,0.0994186900691,0.0998215754807,0.0997947164533,0.100117024783,0.100425903598,0.100949654633,0.101352540045,0.101513694209,0.102158310868,0.102118022327,0.102292606005,0.102601484821,0.102735779958,0.102910363636,0.102856645581,0.103340108075,0.103595268836,0.103984724734,0.104253315008,0.104508475769,0.104965079235,0.105032226804,0.104978508749,0.105139662914,0.105273958051,0.10559626638,0.106133446929,0.106093158388,0.106576620882,0.106670627478,0.107180948999,0.107033224348,0.107033224348,0.107100371917,0.107274955595,0.107610693438,0.108040437877,0.108335887179,0.108631336481,0.108738772591,0.109222235085,0.109611690983,0.10974598612,0.109786274661,0.110229448614,0.110484609374,0.11057861597,0.111142655547,0.111384386794,0.111652977068,0.111814131233,0.112136439562,0.112270734699,0.112351311781,0.112915351358,0.113264518714,0.113251089201,0.113519679475,0.113774840236,0.114083719051,0.114406027381,0.11472833571,0.114983496471,0.115171509663,0.115708690211,0.115896703404,0.116178723192,0.116272729788,0.116581608603,0.116796480823,0.11714564818,0.117360520399,0.117602251646,0.117911130462,0.118246868305,0.118582606148,0.118837766908,0.119012350587,0.119562960649,0.119898698492,0.120476167582,0.120905912021,0.120852193966,0.121510240139,0.121469951597,0.122047420687,0.122638319291,0.123041204703,0.123699250875,0.124236431424,0.124760182459,0.125001913706,0.125257074466,0.125364510576,0.125646530364,0.126049415776,0.126344865078,0.126438871674,0.127056629305,0.127701245963,0.128211567485,0.128775607061,0.12884275463,0.12967538448,0.129836538645,0.130481155303,0.130655738982,0.131125771962,0.13187782473,0.132401575765,0.13277760215,0.13324763513,0.13350279589,0.133771386165,0.134268278173,0.134899465317,0.135047189968,0.135423216352,0.135705236141,0.136255846203,0.136631872587,0.136981039944,0.137571938548,0.137867387849,0.138001682987,0.138203125692,0.138659729159,0.139237198249,0.139734090257,0.1400698281,0.14032498886,0.140862169409,0.141305343362,0.141721658287,0.142137973212,0.142433422514,0.142473711055,0.142648294734,0.143118327714,0.143548072153,0.143830091941,0.144326983949,0.144958171094,0.145401345046,0.146032532191,0.146636860309,0.14656971274,0.147120322803,0.147482919673,0.147469490159,0.147268047453,0.147590355783,0.148033529735,0.148369267578,0.148315549524,0.148342408551,0.148463274175,0.148624428339,0.149121320347,0.149215326943,0.149510776245,0.149886802629,0.150021097766,0.149792796033,0.149739077978,0.150007668252,0.150061386307,0.15028968804,0.150692573452,0.151202894973,0.151243183515,0.151565491844,0.151592350871,0.152008665797,0.151887800173,0.151914659201,0.15223696753,0.15223696753,0.152424980722,0.152357833153,0.152048954338,0.151874370659,0.151847511632,0.151834082118,