# R script for Peak Model
#  -- generated by MACS
p <- c(0.0362142314219,0.037037579159,0.0377694438142,0.0387888267269,0.0396905885342,0.0405662123181,0.0415986642425,0.0425004260498,0.0432845667518,0.0440687074538,0.0448659171676,0.0458330240334,0.0466040957237,0.0474274434608,0.0481331700927,0.0489957248649,0.0498844176605,0.0508384555147,0.0517924933688,0.0526158411059,0.05356987896,0.0546153998961,0.0553995405981,0.0563013024054,0.0570593050841,0.0578957218329,0.0586929315466,0.0595816243422,0.0603134889975,0.0612021817931,0.062077805577,0.0629142223258,0.0640250883204,0.064783090999,0.0655410936776,0.0662729583329,0.0672400651987,0.068141827006,0.068141827006,0.0680764819475,0.0678151017135,0.0677105496199,0.0676974806082,0.0675798595029,0.0673968933391,0.0670309610115,0.0668872018828,0.0669264089179,0.0669394779296,0.0668087878126,0.0667826497892,0.0667695807775,0.0667695807775,0.0665996836254,0.066442855485,0.0663905794382,0.066312165368,0.0662076132744,0.0662598893212,0.0660246471105,0.0658416809467,0.0656848528063,0.0654496105957,0.0655018866425,0.0654888176308,0.0656456457712,0.0658547499584,0.0659331640286,0.0659854400754,0.0660115780988,0.0658416809467,0.0658678189701,0.0657894048999,0.0657109908297,0.0659985090871,0.0656848528063,0.0658678189701,0.0658416809467,0.065959302052,0.0658939569935,0.0657894048999,0.0656587147829,0.0656587147829,0.0655149556542,0.0655018866425,0.0656195077478,0.0657109908297,0.065567231701,0.0658416809467,0.0658547499584,0.0661030611807,0.066089992169,0.0660507851339,0.0661684062393,0.0664036484499,0.0662468203095,0.0660638541456,0.0658808879818,0.0659462330403,0.0659462330403,0.0659331640286,0.0660246471105,0.066181475251,0.0662337512978,0.0663383033914,0.0663644414148,0.0663513724031,0.0662860273446,0.0660769231573,0.0662598893212,0.0665212695552,0.0667173047307,0.0666650286839,0.0666127526371,0.0667695807775,0.0668218568243,0.0667695807775,0.0668610638594,0.0668218568243,0.0667434427541,0.0666388906605,0.0669786849647,0.0667957188009,0.0665604765903,0.0664689935084,0.0664559244967,0.0663252343797,0.0662076132744,0.0662729583329,0.0663905794382,0.0664689935084,0.0664036484499,0.0666127526371,0.0666388906605,0.0667695807775,0.066704235719,0.0667173047307,0.0665996836254,0.066834925836,0.0668610638594,0.0667826497892,0.0668610638594,0.0668610638594,0.0669002708945,0.0670309610115,0.0670309610115,0.0670570990349,0.0672008581636,0.0672923412455,0.0672923412455,0.0671093750817,0.0674622383976,0.0674491693859,0.0677236186316,0.0677236186316,0.0677758946784,0.0678412397369,0.0681548960177,0.0680242059007,0.0682333100879,0.0683509311932,0.0682855861347,0.0684816213102,0.0684685522985,0.06840320724,0.0683117241581,0.0680764819475,0.0681287579943,0.0681810340411,0.0680503439241,0.067749756655,0.0679457918305,0.0681941030528,0.0681941030528,0.0683770692166,0.06840320724,0.0686123114272,0.0685600353804,0.06840320724,0.0684162762517,0.0684816213102,0.0686123114272,0.0687560705559,0.0687691395676,0.0688867606729,0.0688736916612,0.0687037945091,0.0685992424155,0.0685077593336,0.0684685522985,0.0683640002049,0.0683901382283,0.0684946903219,0.0685077593336,0.0686907254974,0.0687430015442,0.0688867606729,0.068664587474,0.0688083466027,0.0690697268367,0.0688867606729,0.068925967708,0.0690305198016,0.0691220028835,0.069278831024,0.0695663492814,0.0695794182931,0.0695924873048,0.0696186253282,0.069540211258,0.069670901375,0.069670901375,0.0699192125973,0.0699976266675,0.0701283167845,0.0701021787611,0.0703112829483,0.0701675238196,0.0703112829483,0.0702067308547,0.0702459378898,0.0702982139366,0.0705334561472,0.0704289040536,0.0706249392291,0.0708863194631,0.0708340434163,0.070847112428,0.0712130447556,0.0712261137673,0.0714744249896,0.0714221489428,0.0715789770832,0.0714874940013,0.0717488742353,0.0717096672002,0.0719318403991,0.0721409445863,0.0722585656916,0.0725199459257,0.0726898430778,0.0729904303469,0.0733302246511,0.0735131908149,0.0736569499436,0.0739313991893,0.0740228822712,0.0743104005286,0.0744149526222,0.0745456427392,0.0747155398913,0.0748854370434,0.0749507821019,0.0750161271604,0.0752905764061,0.0752905764061,0.0755911636753,0.0755388876285,0.0757479918157,0.0760485790848,0.0760224410614,0.0764667874592,0.0767543057166,0.0772509281612,0.0774861703718,0.0777214125824,0.0779958618281,0.078348725144,0.0786623814249,0.0787277264834,0.0788061405536,0.0791851418929,0.0792635559631,0.0797340403843,0.0801261107353,0.0805573881214,0.0807403542852,0.0809755964958,0.0814330119053,0.081668254116,0.0816551851043,0.0817858752213,0.082191014584,0.0825438778999,0.0826876370286,0.0830797073796,0.0831711904615,0.0837070199412,0.083889986105,0.0841121593039,0.0842297804092,0.0845695747134,0.0847394718656,0.0851838182634,0.0853798534389,0.0858764758835,0.0861639941409,0.0864515123983,0.0865691335036,0.0871441700184,0.0872095150769,0.0873402051939,0.0877845515918,0.0878368276386,0.0877584135684,0.0881504839194,0.0884249331651,0.088777796481,0.0890653147384,0.0893266949724,0.0895880752064,0.0898886624755,0.0902415257914,0.0904506299786,0.0904244919552,0.0907773552712,0.0909080453882,0.0912739777158,0.0914438748679,0.0915876339966,0.0919012902774,0.0919927733593,0.0923456366752,0.0923456366752,0.0928291901081,0.0932735365059,0.0933519505761,0.0935087787165,0.0939400561027,0.0944366785473,0.0947241968047,0.0952469572727,0.0952861643078,0.0956913036705,0.0959134768694,0.0962140641385,0.0966976175714,0.0964493063491,0.0967498936182,0.0969067217586,0.0973379991448,0.0978346215894,0.0982789679872,0.0985142101978,0.0987494524084,0.0992983508998,0.0994159720051,0.0996642832274,0.100121698637,0.100396147883,0.100474561953,0.100657528117,0.101180288585,0.101729187076,0.101729187076,0.102042843357,0.102565603825,0.102879260106,0.103284399468,0.103624193773,0.103872504995,0.104303782381,0.104460610521,0.104761197791,0.104878818896,0.105323165294,0.105702166633,0.105950477855,0.106381755241,0.106734618557,0.107048274838,0.107414207166,0.107871622575,0.108329037985,0.108629625254,0.108564280195,0.108877936476,0.109335351886,0.109701284213,0.109897319389,0.110498493927,0.110589977009,0.110942840325,0.111609359922,0.112079844343,0.112550328764,0.112811708998,0.113321400454,0.113491297606,0.113922574993,0.114262369297,0.114628301624,0.115268683198,0.115726098607,0.116340342157,0.116758550532,0.117059137801,0.117464277163,0.117960899608,0.118522867111,0.118522867111,0.118928006474,0.119385421883,0.11997352741,0.120444011831,0.120849151194,0.121515670791,0.122038431259,0.122495846668,0.123162366265,0.123593643651,0.124024921037,0.124403922376,0.125527857383,0.125946065757,0.126390412155,0.126900103611,0.127083069775,0.127174552857,0.127788796407,0.128207004781,0.128481454027,0.128938869436,0.129370146823,0.12981449322,0.130036666419,0.130677047993,0.131016842297,0.131631085847,0.131970880151,0.132506709631,0.132911848993,0.133251643298,0.133865886847,0.134153405105,0.134650027549,0.135329616158,0.135826238603,0.136636517328,0.137211553843,0.137629762217,0.138021832568,0.138309350826,0.138923594376,0.139563975949,0.139916839265,0.14011287444,0.140622565897,0.140844739095,0.14126294747,0.142060157184,0.142778952827,0.143288644283,0.14379833574,0.143981301904,0.144595545453,0.144961477781,0.145484238249,0.14579789453,0.145889377612,0.146176895869,0.146582035232,0.147157071747,0.147287761864,0.147705970238,0.148071902566,0.148751491174,0.149169699549,0.149666321993,0.149705529028,0.15048966973,0.151051637234,0.151273810432,0.151574397702,0.151835777936,0.152267055322,0.152489228521,0.152593780614,0.152881298872,0.153011988989,0.152763677766,0.152776746778,0.152959712942,0.153325645269,0.153835336726,0.153861474749,0.153939888819,0.154188200042,0.1542535451,0.15417513103,0.154305821147,0.154423442252,0.154358097194,0.154501856322,0.154724029521,0.154462649287,0.154488787311,0.154449580276,0.154920064697,0.155011547779,0.155037685802,0.155390549118,0.15540361813,0.155495101212,0.15540361813,0.155299066036,0.155455894177,0.155442825165,0.155625791329,