# R script for Peak Model
#  -- generated by MACS
p <- c(0.0336372336475,0.0345210354728,0.0354839837301,0.0364205498435,0.0373175427407,0.0382936820701,0.0392698213995,0.0400876678646,0.0407999857536,0.0418156982991,0.0426335447642,0.0434250090854,0.0443747662707,0.0452189948799,0.0461027967051,0.0469865985304,0.0478308271396,0.0486750557488,0.049572048646,0.0503635129672,0.0513132701525,0.0520651612576,0.0527906702186,0.0536744720438,0.054531891725,0.0553893114063,0.0561939667994,0.0572492525609,0.0582385829623,0.0590300472834,0.0597687473164,0.0606261669977,0.0613780581027,0.0621695224238,0.0631588528252,0.0640426546505,0.0650451761239,0.0660081243813,0.0661268440294,0.0659157868771,0.0661664172455,0.0663642833258,0.0664961940459,0.0662455636776,0.0663247101097,0.0662983279657,0.0661400351014,0.0660608886693,0.0662851368936,0.0662191815336,0.0663247101097,0.0663642833258,0.0664434297579,0.0663247101097,0.066548958334,0.0665885315501,0.0664170476138,0.066548958334,0.0666808690542,0.0666808690542,0.0667995887024,0.0667863976304,0.0667600154863,0.0668127797744,0.0668523529904,0.0668127797744,0.0670502190707,0.0670106458547,0.0668391619184,0.0670634101427,0.0669578815666,0.0668127797744,0.0669842637106,0.067208511935,0.0672876583671,0.0674327601593,0.0673931869432,0.0673668047992,0.0673668047992,0.0673799958712,0.067221703007,0.0670106458547,0.0669314994226,0.0670634101427,0.067261276223,0.067221703007,0.0673799958712,0.0674459512313,0.0675119065914,0.0674327601593,0.0675119065914,0.0674591423033,0.0674195690873,0.0674723333753,0.0674987155194,0.0676833905276,0.0675250976634,0.0677889191038,0.0678284923198,0.067947211968,0.0678548744639,0.0677229637437,0.0678021101758,0.0678153012478,0.0678944476799,0.067920829824,0.067947211968,0.0680263584001,0.0678944476799,0.0678153012478,0.0676570083836,0.0677625369597,0.0677889191038,0.0678548744639,0.0678153012478,0.0679999762561,0.0681186959042,0.0681582691203,0.0680659316162,0.0681055048322,0.0680263584001,0.067973594112,0.0680527405441,0.0681186959042,0.0680659316162,0.067973594112,0.0678021101758,0.0676965815996,0.0675119065914,0.0674459512313,0.0674063780152,0.0674327601593,0.0674591423033,0.0671953208629,0.0671425565749,0.0671293655028,0.0671821297909,0.0671821297909,0.0671557476469,0.0671689387189,0.0673272315831,0.0674723333753,0.0674987155194,0.0674327601593,0.067920829824,0.0678944476799,0.067920829824,0.067934020896,0.0677757280318,0.0680527405441,0.0679867851841,0.0678944476799,0.0677229637437,0.0677229637437,0.0677229637437,0.0678021101758,0.0678021101758,0.06796040304,0.0680131673281,0.0681186959042,0.0679867851841,0.0677889191038,0.0677889191038,0.0677493458877,0.0675250976634,0.0675119065914,0.0673931869432,0.0675382887354,0.0675514798074,0.0674459512313,0.0675778619515,0.0675646708795,0.0677097726717,0.0676570083836,0.0676174351675,0.0677361548157,0.0678021101758,0.0680263584001,0.06796040304,0.0677361548157,0.0676174351675,0.0677097726717,0.0680527405441,0.0680791226882,0.0684220905607,0.0685540012809,0.0685408102088,0.0683693262726,0.0683561352006,0.0680923137602,0.0680527405441,0.0681055048322,0.0680395494721,0.0680791226882,0.0682637976964,0.0682769887685,0.0681978423363,0.0682374155524,0.0684220905607,0.0684220905607,0.0683297530565,0.0685540012809,0.0688046316492,0.0689101602254,0.0689629245134,0.0690816441616,0.0692135548818,0.0691739816657,0.0693190834579,0.0695169495382,0.0695433316823,0.0696488602584,0.0697939620506,0.0695960959703,0.0698203441946,0.0697939620506,0.0697411977625,0.0698862995547,0.0697675799066,0.0700050192029,0.0697543888345,0.0695697138263,0.0696620513304,0.0696488602584,0.0697675799066,0.0695433316823,0.0698599174107,0.0701633120671,0.0702028852832,0.0702160763552,0.0702820317153,0.0701501209951,0.0703216049314,0.0703479870754,0.0705458531557,0.0705194710116,0.0708228656681,0.0710471138924,0.0712054067566,0.0714296549809,0.0716011389172,0.072168355014,0.0723398389502,0.0722870746621,0.0726564246786,0.0729598193351,0.0729993925511,0.0730653479112,0.0733687425677,0.07357979972,0.0739227675924,0.0740810604567,0.0743580729691,0.0744108372571,0.0747142319136,0.0749780533539,0.0752286837223,0.0752946390824,0.0752946390824,0.0753737855145,0.075716753387,0.0760465301874,0.0765214087801,0.0767984212925,0.0771150070209,0.0774975481095,0.0779328534861,0.0780911463503,0.0781571017104,0.0781175284944,0.0783945410068,0.078539642799,0.0790540946077,0.07926515176,0.0793970624802,0.0794234446242,0.0796345017765,0.079964278577,0.0802940553774,0.080689787538,0.0811646661307,0.0811646661307,0.0813625322109,0.081375723283,0.0817582643715,0.0820220858119,0.0824442001165,0.0827475947729,0.0829322697812,0.0833807662298,0.0838028805344,0.0838424537505,0.0843700966312,0.0847658287918,0.0851351788083,0.0851747520243,0.0855045288248,0.0860321717055,0.0864806681542,0.0869555467469,0.0875491449877,0.0878393485721,0.0882614628767,0.0886044307492,0.089158455774,0.0896201432946,0.089897155807,0.0904116076157,0.0908469129923,0.0911239255047,0.0913613648011,0.0916251862414,0.0917307148176,0.0921000648341,0.0922187844823,0.0926540898589,0.0931685416676,0.0932608791718,0.0934719363241,0.094118298853,0.0943161649332,0.0944744577975,0.0946591328057,0.0949097631741,0.0952923042626,0.095542934631,0.0958727114314,0.0959386667915,0.0960046221516,0.0963343989521,0.0964399275283,0.0967960864728,0.0971390543452,0.0975215954338,0.0978381811622,0.0985373079792,0.0988538937077,0.0991836705081,0.099104524076,0.0994606830205,0.0996849312448,0.0999751348292,0.100027899117,0.100344484846,0.100885318799,0.101544872399,0.101769120624,0.10213847064,0.102243999216,0.102692495665,0.103127801042,0.103760972499,0.104103940371,0.104183086803,0.104446908244,0.104578818964,0.10501412434,0.105449429717,0.105937499382,0.106425569046,0.106531097623,0.107058740503,0.107269797656,0.107546810168,0.107797440536,0.108166790553,0.108232745913,0.108707624506,0.108760388794,0.109011019162,0.109565044187,0.110066304924,0.110462037084,0.110884151389,0.111055635325,0.111279883549,0.111517322846,0.11207134787,0.111952628222,0.112190067519,0.112190067519,0.112730901471,0.113153015776,0.113430028288,0.113561939008,0.113733422945,0.114234683681,0.114538078338,0.114907428354,0.114999765858,0.115184440867,0.115487835523,0.115778039108,0.116147389124,0.116635458789,0.116846515941,0.117268630246,0.117730317766,0.118297533863,0.118759221384,0.119088998184,0.119537494633,0.12017066609,0.120975321483,0.121661257228,0.12207018046,0.122611014413,0.12291440907,0.123257376942,0.12331014123,0.123943312687,0.124180751983,0.124299471632,0.124787541296,0.125420712753,0.125776871698,0.12598792885,0.126304514578,0.126634291379,0.127280653908,0.127900634293,0.128375512885,0.128837200406,0.129166977206,0.129312078999,0.129523136151,0.129773766519,0.130288218328,0.130736714777,0.131026918361,0.131792000538,0.132543891643,0.132873668444,0.133348547036,0.134008100637,0.134759991742,0.135472309631,0.135828468576,0.136369302529,0.136593550753,0.136976091842,0.137675218659,0.137952231171,0.13866454906,0.139126236581,0.139561541957,0.139864936614,0.14023428663,0.140682783079,0.141065324167,0.141685304552,0.142199756361,0.142608679593,0.143189086762,0.143914595723,0.14421799038,0.14474563326,0.144837970765,0.145273276141,0.145866874382,0.146407708335,0.147106835152,0.147383847664,0.148043401265,0.148676572722,0.149428463827,0.150246310292,0.150773953173,0.150905863893,0.151222449622,0.151684137142,0.15180285679,0.152145824663,0.152449219319,0.152805378264,0.153121963992,0.153161537208,0.153438549721,0.153583651513,0.153768326521,0.153834281881,0.154269587258,0.15461255513,0.154981905147,0.155166580155,0.155707414108,0.15572060518,0.15572060518,0.156169101629,0.156446114141,0.156762699869,0.157013330238,0.157132049886,0.157395871326,0.157765221343,0.157580546335,0.157646501695,0.157725648127,0.158029042783,0.158451157088,0.159216239265,0.159519633921,0.159677926786,0.159611971425,0.159783455362,0.160218760738,0.159888983938,0.159757073218,0.159427296417,0.159400914273,