# R script for Peak Model
#  -- generated by MACS
p <- c(0.0339541263661,0.0346167118667,0.0355226961226,0.0362528923885,0.0371318323383,0.0378755507573,0.0387004020947,0.0395522977383,0.0404041933819,0.0412155225663,0.0422026397406,0.0431086239965,0.0439875639463,0.0447853709776,0.0456643109273,0.0466379059486,0.0474492351329,0.0483552193888,0.0494775580939,0.0501942322067,0.0510866943096,0.0520738114839,0.052844574209,0.0537099920057,0.0545618876493,0.0555760491298,0.0565902106102,0.05729336257,0.058037080989,0.0589430652449,0.0597949608885,0.0606739008383,0.061552840788,0.0624453028908,0.0635135529836,0.0644195372395,0.0652849550361,0.0660286734551,0.0660827620674,0.066001629149,0.0659745848429,0.0660827620674,0.0662315057512,0.0660827620674,0.066177417139,0.066177417139,0.0663532051289,0.066190939292,0.0663261608228,0.066190939292,0.0662855943635,0.0663126386697,0.0664749045066,0.0667859140272,0.0665289931188,0.0663937715881,0.0666642146496,0.0666101260373,0.0664749045066,0.0666642146496,0.0669752241703,0.0671645343133,0.0672456672317,0.0671239678541,0.0668535247926,0.0668805690987,0.0668264804865,0.0666777368026,0.0668129583334,0.0667047811088,0.0668805690987,0.066921135558,0.0671915786194,0.0670834013948,0.0670834013948,0.0671915786194,0.0672321450786,0.0674620216809,0.0674214552217,0.0675837210585,0.0677324647423,0.0677865533546,0.0677730312016,0.0679623413446,0.0680705185692,0.0681110850284,0.0680299521099,0.0678812084261,0.0677595090485,0.0677324647423,0.0676918982831,0.067489065987,0.0674214552217,0.0675431545993,0.0671780564663,0.0674349773747,0.0674079330686,0.0672321450786,0.0672321450786,0.0673132779971,0.0671915786194,0.0669481798641,0.0667723918742,0.0671374900071,0.0673268001501,0.067489065987,0.0674349773747,0.0674349773747,0.0675025881401,0.0676107653647,0.0675296324462,0.0675431545993,0.0677054204362,0.0680029078038,0.0679893856507,0.0682057400999,0.0682868730183,0.0680299521099,0.0680164299569,0.0680975628753,0.0681246071815,0.0681516514876,0.0682057400999,0.068219262253,0.0680975628753,0.0683274394775,0.0681516514876,0.0681246071815,0.0680299521099,0.0677459868954,0.0679082527323,0.0678135976608,0.0675566767524,0.0677459868954,0.068043474263,0.0678135976608,0.0676107653647,0.0674214552217,0.0672456672317,0.0676107653647,0.0679082527323,0.0679488191915,0.0678812084261,0.0679082527323,0.0679352970384,0.0679623413446,0.0677054204362,0.0679082527323,0.0678271198138,0.0678947305792,0.0677865533546,0.0678406419669,0.068043474263,0.0680705185692,0.068232784406,0.0681381293345,0.0680569964161,0.0683139173245,0.068408572396,0.0684897053144,0.0685032274675,0.0687060597636,0.0688007148351,0.0689494585189,0.0690982022027,0.0693145566519,0.0693956895703,0.0696931769379,0.0698013541625,0.0698283984686,0.0699230535402,0.0699095313871,0.0698554427748,0.0700041864586,0.0703151959793,0.0702746295201,0.0705315504284,0.070829037796,0.0709913036329,0.0707614270307,0.0706938162653,0.0705856390407,0.0706938162653,0.0708425599491,0.070829037796,0.0707884713368,0.070829037796,0.0708831264083,0.0709236928676,0.0708696042553,0.0712211802352,0.071383446072,0.0713023131536,0.0714916232966,0.0715051454497,0.0717350220519,0.0718161549704,0.0718972878888,0.0718567214296,0.0720460315726,0.0720325094195,0.0720054651134,0.0721542087972,0.0721542087972,0.0721406866441,0.0722353417156,0.0724111297056,0.0727762278385,0.0729384936754,0.0726545284609,0.0723840853994,0.0726139620017,0.0727221392263,0.0726950949201,0.0727491835324,0.0727086170732,0.0729655379816,0.0728438386039,0.0729790601346,0.0728979272162,0.0729925822877,0.0730601930531,0.0734929019514,0.0732900696553,0.0735875570229,0.0737092564006,0.0739120886967,0.0737768671659,0.073790389319,0.0736957342475,0.0735334684106,0.0737092564006,0.0738309557782,0.0736146013291,0.0736551677883,0.0734793797983,0.0734388133391,0.0735334684106,0.0736146013291,0.0737768671659,0.0740473102274,0.073966177309,0.0741284431458,0.0740608323805,0.0742230982173,0.074155487452,0.0744259305134,0.0746422849626,0.0747775064933,0.0749803387894,0.0748180729526,0.0749397723302,0.0748856837179,0.0748451172587,0.0749532944833,0.0750209052487,0.0754941806062,0.07564292429,0.0757781458207,0.0758051901269,0.0759133673515,0.0760350667291,0.076197332566,0.0762108547191,0.0761161996476,0.0764136870152,0.0761702882599,0.076008022423,0.0763731205559,0.0766976522297,0.0770762725157,0.0774143263426,0.0774684149549,0.0775901143325,0.0779011238532,0.0779011238532,0.0781445226085,0.0782256555269,0.0784555321292,0.0785907536599,0.0788341524152,0.0791992505482,0.0791451619359,0.0791992505482,0.0793344720789,0.0798212695895,0.0803351114063,0.0805379437024,0.0807542981516,0.0813492728868,0.0816332381013,0.0818901590097,0.081565627336,0.081944247622,0.0823769565203,0.0827555768064,0.0830260198678,0.0832558964701,0.0834857730723,0.0837291718276,0.0837291718276,0.0841213142667,0.0844458459405,0.0848920769919,0.0850678649818,0.0855546624925,0.0860685043092,0.0863389473707,0.0865553018199,0.0870691436366,0.0873531088512,0.087691162678,0.0881644380355,0.0881373937294,0.0881914823417,0.0884484032501,0.0887458906177,0.088989289373,0.0893273431998,0.0895977862613,0.0902062831496,0.0906930806602,0.0911257895585,0.0911798781708,0.0916396313753,0.0918154193652,0.0922751725697,0.0928701473049,0.0931946789787,0.0935192106524,0.0937220429485,0.0941547518469,0.0942088404591,0.0945739385921,0.0948714259597,0.0952365240927,0.0954664006949,0.0959126317463,0.0963047741855,0.0968591824614,0.0972783692067,0.0975082458089,0.0978733439419,0.0981573091564,0.0982790085341,0.0984683186771,0.0986846731263,0.0988334168101,0.0992931700146,0.0996988346068,0.0998475782906,0.100631863169,0.100821173312,0.101307970822,0.101835334792,0.102254521538,0.102673708283,0.102781885507,0.103376860243,0.103552648233,0.103823091294,0.104363977417,0.10455328756,0.104918385693,0.105283483826,0.105540404734,0.105986635786,0.106311167459,0.106960230807,0.107230673868,0.107311806787,0.107920303675,0.108190746737,0.108609933482,0.108853332237,0.109245474676,0.109610572809,0.110192025391,0.110340769075,0.110286680463,0.110719389361,0.1111115318,0.111409019168,0.111692984382,0.112260914812,0.112504313567,0.113112810455,0.113599607966,0.11388357318,0.114640813752,0.115168177722,0.11564145308,0.116006551213,0.116696181019,0.117264111449,0.117737386806,0.118143051398,0.118427016613,0.118805636899,0.119238345797,0.119224823644,0.11977923192,0.120090241441,0.120036152828,0.120563516798,0.121036792156,0.121645289044,0.122077997942,0.1225512733,0.12290284928,0.123132725882,0.123646567699,0.12444437473,0.124863561475,0.125188093149,0.125539669129,0.126148166017,0.1267296186,0.127189371804,0.127622080702,0.128081833907,0.128419887734,0.128690330795,0.128906685244,0.129690970123,0.130218334092,0.130948530358,0.131367717104,0.132422445043,0.132895720401,0.13328786284,0.133774660351,0.134315546473,0.134978131974,0.135451407332,0.136100470679,0.136817144792,0.13693884417,0.137587907517,0.138264015171,0.138886034212,0.139156477274,0.139575664019,0.140062461529,0.140386993203,0.140846746408,0.141495809755,0.141658075592,0.142171917409,0.142658714919,0.143456521951,0.144146151758,0.144605904962,0.144957480942,0.145593022136,0.146323218402,0.146918193137,0.146985803903,0.14749964572,0.147972921077,0.148500285047,0.148960038251,0.149433313609,0.149866022507,0.150298731406,0.150258164946,0.150663829539,0.150961316906,0.151394025805,0.151826734703,0.152002522693,0.152354098673,0.152746241112,0.153381782306,0.153598136755,0.154139022878,0.15524783943,0.155410105267,0.155856336319,0.156167345839,0.156437788901,0.156965152871,0.157100374401,0.157195029473,0.157343773157,0.157506038994,0.158114535882,0.158114535882,0.158222713106,0.158506678321,0.158966431525,0.158925865066,0.159034042291,0.159020520138,0.159169263822,0.159588450567,0.160156380996,0.16044034621,0.160575567741,0.160873055109,0.160643178506,0.160629656353,0.160183425302,0.159764238557,0.159277441046,0.159318007505,0.158912342913,0.15889882076,0.158966431525,