# R script for Peak Model
#  -- generated by MACS
p <- c(0.0365171962797,0.0373357635687,0.0383210760461,0.0392609125631,0.040261383694,0.0412163788645,0.0422471673024,0.0430960518984,0.0439904124548,0.0449605662788,0.0459610374097,0.0469008739267,0.0479922969786,0.0489624508026,0.0498416527055,0.050917917104,0.051797119007,0.0526308449494,0.0536009987734,0.0544044074088,0.0552836093118,0.0561931285217,0.0571178063852,0.0577847871392,0.0587549409631,0.0598918399756,0.060816517839,0.0616502437815,0.0627113495264,0.0636511860434,0.0645303879463,0.0653944311958,0.0662281571382,0.0672134696157,0.0680471955582,0.0689718734216,0.0699875032061,0.0707605945345,0.0707302772275,0.071048608951,0.0711547195255,0.0711850368325,0.071018291644,0.070836387802,0.0709121810695,0.0710334502975,0.0710637676045,0.071169878179,0.0713669406745,0.071503368556,0.071139560872,0.071018291644,0.07095765703,0.070806070495,0.070684801267,0.0709121810695,0.0709728156835,0.070806070495,0.070624166653,0.070715118574,0.0704574214645,0.0703058349295,0.070230041662,0.0702452003155,0.0700481378201,0.0700329791666,0.070108772434,0.0699571858991,0.0699571858991,0.0699875032061,0.0696236955221,0.0699117099386,0.0699420272456,0.0700178205131,0.0700936137805,0.070108772434,0.0699723445526,0.0700632964736,0.0700026618596,0.0700329791666,0.0700481378201,0.070169407048,0.0700936137805,0.070290676276,0.0703361522365,0.0702755176225,0.0701542483945,0.070139089741,0.0699875032061,0.0697146474431,0.0698207580176,0.0697146474431,0.0697146474431,0.0699420272456,0.0697146474431,0.0699723445526,0.0700026618596,0.070139089741,0.0702755176225,0.0706090079995,0.070775753188,0.0706090079995,0.070593849346,0.070624166653,0.070624166653,0.070563532039,0.0705786906925,0.0706999599205,0.0707302772275,0.0707909118415,0.070927339723,0.0711850368325,0.0711547195255,0.0713669406745,0.071685272398,0.0712456714465,0.071078926258,0.071109243565,0.071230512793,0.071291147407,0.0714275752885,0.071412416635,0.0712759887535,0.0712153541395,0.0707909118415,0.070684801267,0.0709121810695,0.070866705109,0.0710637676045,0.0712759887535,0.0713669406745,0.0712153541395,0.071230512793,0.071230512793,0.0710637676045,0.0709728156835,0.071048608951,0.0712153541395,0.071169878179,0.0709121810695,0.071200195486,0.070927339723,0.0709424983765,0.0709424983765,0.070897022416,0.0709121810695,0.0711244022185,0.0710940849115,0.071200195486,0.071078926258,0.071078926258,0.071048608951,0.071169878179,0.071382099328,0.0713063060605,0.0712608301,0.0711850368325,0.070927339723,0.070715118574,0.070593849346,0.070502897425,0.0706696426135,0.0708212291485,0.0706696426135,0.070563532039,0.070806070495,0.0708515464555,0.0708212291485,0.0708212291485,0.0707605945345,0.0710031329905,0.070836387802,0.070745435881,0.070533214732,0.070411945504,0.070411945504,0.0702755176225,0.070411945504,0.0705483733855,0.0705786906925,0.0706090079995,0.070745435881,0.070715118574,0.070563532039,0.0706090079995,0.070563532039,0.070563532039,0.0703967868505,0.0703361522365,0.070290676276,0.0700178205131,0.0701845657015,0.0703664695435,0.070199724355,0.070260358969,0.070139089741,0.070320993583,0.0703058349295,0.0704877387715,0.0705786906925,0.070866705109,0.070866705109,0.0709121810695,0.0710940849115,0.0711547195255,0.071321464714,0.071169878179,0.071382099328,0.0713972579815,0.0717004310515,0.071745907012,0.0720339214285,0.0721400320029,0.071927810854,0.0722461425774,0.0724583637264,0.0723522531519,0.0726554262219,0.0726857435289,0.0725341569939,0.0725947916079,0.0727160608359,0.0726857435289,0.0727615367964,0.0726705848754,0.0725038396869,0.0724735223799,0.0726099502614,0.0724128877659,0.0722158252704,0.0723674118054,0.0723067771914,0.0722158252704,0.0725947916079,0.0725947916079,0.0727009021824,0.0728979646779,0.0725947916079,0.0725796329544,0.0729131233314,0.0729889165989,0.0733072483224,0.0733527242829,0.0735346281249,0.0737165319669,0.0739893877299,0.0742774021463,0.0745957338698,0.0748989069398,0.0752020800098,0.0753688251983,0.0755810463473,0.0757023155753,0.0758084261498,0.0758539021103,0.0761873924873,0.0763389790222,0.0761873924873,0.0764754069037,0.0767179453597,0.0771120703507,0.0772333395787,0.0773242914997,0.0776274645697,0.0778548443722,0.0781428587887,0.0787795222356,0.0790675366521,0.0792342818406,0.0793707097221,0.0794616616431,0.0796587241386,0.0797496760596,0.0802195943181,0.080492450081,0.0805076087345,0.0809623683395,0.0813564933305,0.0816293490935,0.081705142361,0.0817809356285,0.081735459668,0.082190219273,0.0825540269569,0.0829329932944,0.0831906904039,0.0835393394344,0.0837060846229,0.0840547336534,0.0846610797933,0.0846762384468,0.0850855220913,0.0854493297753,0.0858131374593,0.0862527384108,0.0867681326297,0.0870864643532,0.0874047960767,0.0877837624142,0.0881020941377,0.0885568537426,0.0891631998826,0.0897695460226,0.0899666085181,0.0903910508161,0.0908912863815,0.0911641421445,0.091785646938,0.0925284209594,0.0927558007619,0.0932257190204,0.0935743680509,0.0936350026649,0.0943323007259,0.0949538055193,0.0955904689663,0.0961210218388,0.0963938776018,0.0969092718207,0.0971669689302,0.0974701420002,0.0974549833467,0.0976065698817,0.0978339496842,0.0981825987147,0.0985615650521,0.0989860073501,0.0990769592711,0.0993194977271,0.0993346563806,0.0999561611741,0.100274492898,0.100365444819,0.100971790959,0.10106274288,0.101426550564,0.101638771712,0.101729723633,0.102199641892,0.102199641892,0.102472497655,0.102699877457,0.102775670725,0.103109161102,0.103245588983,0.103745824549,0.104003521658,0.104321853382,0.104473439917,0.104761454333,0.105003992789,0.105473911048,0.105549704315,0.10595898796,0.106171209109,0.106716920635,0.107323266775,0.107868978301,0.108020564836,0.108414689827,0.108566276362,0.108930084046,0.109142305195,0.109369684997,0.109369684997,0.109718334028,0.110142776326,0.110430790742,0.110643011891,0.110688487852,0.11080975708,0.111294833992,0.111582848408,0.111704117636,0.112249829162,0.11267427146,0.113038079144,0.113219982986,0.11332609356,0.113553473363,0.113947598354,0.114205295463,0.114660055068,0.114690372375,0.114599420454,0.115160290634,0.11575147812,0.116024333883,0.116585204063,0.116842901172,0.117100598282,0.117070280975,0.117297660777,0.117494723273,0.117540199233,0.118010117492,0.118586146325,0.119147016504,0.119419872267,0.119753362644,0.120056535714,0.120071694368,0.120496136666,0.12116311742,0.121557242411,0.122209064511,0.122527396234,0.122709300076,0.123285328909,0.123467232751,0.123952309663,0.124316117347,0.124558655803,0.125180160597,0.12545301636,0.12610483846,0.126468646144,0.12696888171,0.127438799968,0.127757131692,0.128014828801,0.128651492248,0.129106251853,0.129636804726,0.130531165282,0.13091013162,0.131380049878,0.13181965083,0.132259251781,0.132380521009,0.132804963307,0.133153612337,0.133608371942,0.133926703666,0.134411780578,0.134396621924,0.135109078639,0.135139395946,0.1358063767,0.136139867077,0.136897799752,0.137276766089,0.137731525694,0.138125650685,0.13888358336,0.139535405461,0.139959847759,0.140308496789,0.14070262178,0.141430237148,0.141506030416,0.14161214099,0.142082059249,0.142733881349,0.143370544796,0.143976890936,0.144310381313,0.144825775532,0.144916727453,0.145356328404,0.145735294742,0.145765612049,0.145992991851,0.146432592803,0.146735765873,0.147099573557,0.147342112013,0.147705919697,0.147902982192,0.14828194853,0.148691232174,0.149009563898,0.149312736968,0.149585592731,0.150010035029,0.150328366752,0.150601222515,0.151343996537,0.151343996537,0.151343996537,0.151783597488,0.151980659984,0.151950342677,0.152420260935,0.152602164777,0.152935655154,0.153072083035,0.153284304184,0.153542001294,0.153466208026,0.153602635908,0.153435890719,0.153663270522,0.153451049373,0.153344938798,0.153435890719,0.153723905136,0.15383001571,0.154315092622,0.154360568583,0.154072554166,0.153966443592,0.153587477254,0.153542001294,0.153693587829,0.153723905136,0.15383001571,0.153678429175,0.153208510917,0.153011448421,0.152693116698,0.152935655154,0.152208039786,0.152177722479,