# R script for Peak Model
#  -- generated by MACS
p <- c(0.0342386809911,0.0351697699674,0.0361149663524,0.0370601627374,0.0380053591224,0.0389646629162,0.03981110744,0.0406434445552,0.0416450705751,0.0427595558649,0.0434931411189,0.0442126189643,0.0450449560794,0.0457644339247,0.0466814154922,0.0475983970598,0.0485012712186,0.0494182527861,0.0505468454847,0.0515061492784,0.0526347419769,0.0534670790921,0.0541865569374,0.0552869348184,0.0561051645248,0.0569233942313,0.0577698387551,0.0587432499576,0.0597307685688,0.0606054279102,0.0617199131999,0.0625663577238,0.0631306540731,0.0641040652755,0.0650351542518,0.0659662432281,0.0667280432996,0.0677860989544,0.0678425285894,0.0678284211806,0.0676450248671,0.0679836026767,0.0681669989902,0.0683080730775,0.0684773619823,0.0685902212521,0.0686748657045,0.0687312953394,0.0686466508871,0.0685620064347,0.0686607582958,0.0684773619823,0.068491469391,0.0684773619823,0.0685902212521,0.0685196842085,0.0686889731133,0.0688723694268,0.0690839805577,0.0689993361053,0.0691121953752,0.0692532694625,0.0695354176371,0.0696905991332,0.0697188139506,0.0696059546808,0.0697188139506,0.0696200620895,0.0697893509943,0.0697470287681,0.0700573917602,0.069803458403,0.0697188139506,0.0697329213594,0.0697470287681,0.0697188139506,0.0696200620895,0.0695495250459,0.0695777398633,0.0695636324546,0.069225054645,0.0695636324546,0.0695495250459,0.0697047065419,0.0697470287681,0.0696200620895,0.0699304250816,0.0700009621253,0.0699022102642,0.0699868547165,0.0701279288039,0.0702125732562,0.0702548954824,0.0702972177086,0.0699727473078,0.069859888038,0.0694789880022,0.0696059546808,0.0699022102642,0.0699022102642,0.070015069534,0.0701843584388,0.0702407880737,0.0703254325261,0.0701279288039,0.0701702510301,0.070226680665,0.0701984658475,0.0706357955182,0.0706075807007,0.070748654788,0.070805084423,0.0710872325976,0.0708615140579,0.0706922251531,0.0708474066492,0.0709461585103,0.0709461585103,0.0711154474151,0.0710166955539,0.0710308029627,0.0708191918317,0.0707345473793,0.0709179436928,0.0709179436928,0.0709038362841,0.0707345473793,0.0708474066492,0.0710590177801,0.0709884807365,0.0710449103714,0.071327058546,0.0712283066849,0.0709038362841,0.0707345473793,0.0706781177444,0.0708615140579,0.0706640103357,0.0707063325618,0.0707063325618,0.0706075807007,0.070805084423,0.0710731251889,0.0711577696413,0.0712565215024,0.0714963474508,0.0716515289469,0.0718349252604,0.0718631400778,0.0720042141651,0.0720747512088,0.0720606438001,0.0721876104786,0.0724415438358,0.0724274364271,0.0726249401493,0.07306226982,0.0727236920104,0.0728083364628,0.0729494105501,0.0730199475938,0.0732597735422,0.0730763772287,0.073273880951,0.0736688883954,0.0737112106216,0.0736547809867,0.0738240698915,0.0736265661692,0.0735419217169,0.0737253180304,0.073852284709,0.0740921106574,0.0740921106574,0.0741203254748,0.0740497884312,0.0741062180661,0.0741344328836,0.0742896143796,0.0740780032487,0.0739651439788,0.0739510365701,0.0738240698915,0.0742755069709,0.0743601514233,0.0744165810582,0.0744306884669,0.0744024736495,0.0744447958757,0.0744306884669,0.0745012255106,0.0743037217884,0.0746422995979,0.0744306884669,0.0741203254748,0.074374258832,0.0744024736495,0.0743178291971,0.0744165810582,0.0742896143796,0.0742896143796,0.0742613995622,0.0743178291971,0.0744165810582,0.0742331847447,0.0742896143796,0.0741344328836,0.0740921106574,0.074219077336,0.0742331847447,0.0744024736495,0.0743178291971,0.0742472921534,0.0743037217884,0.0740921106574,0.0742896143796,0.0743883662407,0.074374258832,0.0743319366058,0.0743883662407,0.0742755069709,0.0743037217884,0.0742755069709,0.0741485402923,0.0741767551098,0.074162647701,0.074162647701,0.0741485402923,0.0739087143439,0.073795855074,0.0738663921177,0.0738381773002,0.0739510365701,0.073852284709,0.0740638958399,0.0739651439788,0.0737817476653,0.0735278143081,0.0737112106216,0.0738946069351,0.0735560291256,0.0736829958042,0.0735983513518,0.0736547809867,0.0741485402923,0.0743460440146,0.0742613995622,0.0742613995622,0.0742331847447,0.0742472921534,0.0740497884312,0.0742472921534,0.0742472921534,0.074219077336,0.0742331847447,0.0746846218241,0.0751219514948,0.0752207033559,0.0752207033559,0.0749385551813,0.0747692662765,0.0747551588678,0.0748398033202,0.0752912403996,0.0753335626257,0.0757708922964,0.0760248256536,0.0761941145584,0.0759966108361,0.0761658997409,0.0765609071854,0.076687873864,0.0768571627687,0.0773368146656,0.0772944924394,0.0775061035704,0.0778446813799,0.0783384406855,0.0787475555388,0.0791143481658,0.0793964963404,0.07973507415,0.0800031149158,0.0803558001341,0.0805674112651,0.0809483113009,0.0810611705707,0.0814420706065,0.0816818965549,0.0817947558247,0.0822603003129,0.0822320854954,0.0824154818089,0.0826270929399,0.082725844801,0.0828810262971,0.0832478189241,0.083459430055,0.0835017522812,0.0840096189956,0.084461056075,0.0847855264758,0.08540625246,0.0857871524957,0.0865489525672,0.0868169933331,0.0871414637339,0.0873389674562,0.0872684304125,0.0876916526745,0.0876352230395,0.0877480823094,0.0881007675277,0.0884816675634,0.0885098823809,0.0885804194245,0.0890177490952,0.0894974009921,0.0902450936549,0.0902450936549,0.0906118862819,0.0907811751866,0.0913736863534,0.0917828012066,0.0921354864249,0.0924599568257,0.0930242531749,0.0933487235758,0.093757838429,0.0943221347782,0.094703034814,0.0947171422227,0.0951685793021,0.0956341237903,0.096170205322,0.096593427584,0.0975104091515,0.0979900610484,0.0982016721794,0.0980323832746,0.0982439944056,0.0987659685286,0.0989493648421,0.0993584796953,0.0994854463739,0.0997111649136,0.0999227760446,0.100035635314,0.100134387176,0.100402427941,0.100853865021,0.101262979874,0.101277087283,0.101093690969,0.101347624326,0.101502805823,0.101954242902,0.101968350311,0.102335142938,0.102631398521,0.103012298557,0.103139265235,0.103562487497,0.103901065307,0.104056246803,0.104394824612,0.104606435743,0.105029658005,0.105622169172,0.105988961799,0.106581472966,0.106934158184,0.107611313803,0.108161502744,0.108514187962,0.109050269494,0.109247773216,0.109374739895,0.109388847303,0.109628673252,0.109614565843,0.109896714018,0.110249399236,0.110545654819,0.111109951169,0.111476743796,0.112041040145,0.112831055034,0.113310706931,0.113705714375,0.114157151455,0.114368762586,0.115003595978,0.115003595978,0.115186992292,0.115567892328,0.115596107145,0.116146296086,0.115962899772,0.116372014625,0.116781129479,0.117331318419,0.117627574003,0.117712218455,0.117952044403,0.118403481483,0.11854455557,0.119221711189,0.119602611225,0.119814222356,0.120025833487,0.120054048304,0.120025833487,0.120350303888,0.120872278011,0.121507111404,0.122029085527,0.12221248184,0.122678026328,0.12298838932,0.123580900487,0.124258056106,0.124935211725,0.125273789535,0.12599326738,0.126233093329,0.126628100773,0.127121860079,0.127940089785,0.128744212083,0.128899393579,0.129689408468,0.130126738139,0.130803893758,0.131198901202,0.131481049377,0.13177730496,0.13255321244,0.133046971746,0.133399656964,0.134246101488,0.134866827472,0.135304157143,0.135769701631,0.136150601667,0.136700790607,0.136926509147,0.137603664766,0.137829383306,0.138125638889,0.138506538925,0.138633505604,0.13933887604,0.139592809397,0.140086568703,0.140693187278,0.141243376219,0.141652491072,0.141948746655,0.142527150413,0.143105554171,0.143712172747,0.144191824644,0.144502187636,0.144629154314,0.144939517307,0.145362739568,0.146152754457,0.146223291501,0.146533654493,0.146815802668,0.147337776791,0.147690462009,0.147873858323,0.148579228759,0.148649765803,0.148889591751,0.149002451021,0.149425673283,0.149820680728,0.150300332624,0.150300332624,0.15079409193,0.1509069512,0.151005703061,0.151033917879,0.151330173462,0.152091973533,0.152120188351,0.152388229117,0.152331799482,0.152317692073,0.152317692073,0.15245876616,0.152515195795,0.15257162543,0.152613947656,0.152360014299,0.152585732839,0.152628055065,0.152557518022,0.152755021744,0.152867881014,0.1526844847,0.152501088387,0.152303584664,0.152388229117,0.152049651307,0.151781610541,