# R script for Peak Model
#  -- generated by MACS
p <- c(0.0393314207915,0.0404761070776,0.041597899638,0.0424907549412,0.0433149290672,0.0440704220161,0.0453753643823,0.0465200506684,0.047458693423,0.0485118048063,0.0494046601094,0.050183046784,0.0510759020872,0.052083226019,0.0530447624993,0.0541894487855,0.055219666443,0.0559293719404,0.057119845678,0.0581729570612,0.0589055562843,0.0598213053132,0.060828629245,0.061492547291,0.0626830210286,0.0636903449604,0.0644229441835,0.0654989492925,0.0664375920471,0.0673304473503,0.0680630465734,0.0689559018766,0.0697800760026,0.0708789748373,0.071726042689,0.0725273230893,0.0736033281983,0.0745190772272,0.0748166956616,0.0747480144844,0.0745190772272,0.0745877584043,0.0746793333072,0.0747251207587,0.0751601015474,0.0749082705645,0.0745877584043,0.074702227033,0.0749540580159,0.0752058889989,0.0752974639017,0.0753890388046,0.0752516764503,0.0752058889989,0.0750914203702,0.0753203576275,0.0757782321419,0.0758011258676,0.075686657239,0.0757553384162,0.0755721886104,0.0758927007705,0.0760300631249,0.0761445317535,0.0763047878335,0.0764421501879,0.0763734690107,0.0763963627364,0.0766252999937,0.0762818941078,0.0762361066564,0.0761674254792,0.0760529568506,0.0765337250908,0.0768084497994,0.076350575285,0.0764421501879,0.0762361066564,0.0762590003821,0.0764879376393,0.076762662348,0.0769000247023,0.0766939811708,0.0763734690107,0.0762361066564,0.0761216380278,0.0763734690107,0.0765795125422,0.0768542372509,0.0767397686223,0.0768771309766,0.0764650439136,0.0763963627364,0.0769458121538,0.0767855560737,0.0766710874451,0.0769000247023,0.0768313435252,0.0767855560737,0.0769687058795,0.0766024062679,0.0768084497994,0.0771976431367,0.0770831745081,0.0769000247023,0.0772434305882,0.0774494741197,0.0776326239255,0.077838667457,0.0775410490226,0.077426580394,0.0777699862798,0.0777699862798,0.0778157737312,0.0775639427483,0.0776555176512,0.0777928800055,0.0777928800055,0.077586836474,0.0778157737312,0.0777928800055,0.077838667457,0.0780904984399,0.0781591796171,0.0777928800055,0.0774952615711,0.0771289619596,0.0769229184281,0.0766710874451,0.0767168748965,0.0768542372509,0.0770144933309,0.0769229184281,0.0775181552968,0.0774723678454,0.077174749411,0.0773350054911,0.0774036866682,0.0773807929425,0.0771976431367,0.0775639427483,0.0776326239255,0.0778615611827,0.0779302423598,0.0779760298113,0.0781591796171,0.0781820733428,0.0780676047142,0.0781133921656,0.0775410490226,0.0773121117653,0.0776097301997,0.0775181552968,0.0776784113769,0.077426580394,0.0774952615711,0.0770831745081,0.0773578992168,0.077174749411,0.0771518556853,0.0777699862798,0.0780447109885,0.0780904984399,0.0782049670685,0.0780447109885,0.0782049670685,0.0779531360856,0.0781362858914,0.0782965419714,0.077998923537,0.0779302423598,0.0780218172627,0.0779073486341,0.0781133921656,0.0782965419714,0.0786170541315,0.0788002039373,0.0783652231486,0.0780904984399,0.07825075452,0.0785941604058,0.0782278607942,0.0783423294229,0.0783194356971,0.0783652231486,0.0788459913888,0.0791893972746,0.0789833537431,0.0789833537431,0.0788459913888,0.0789146725659,0.0788002039373,0.0788688851145,0.0787315227601,0.0790291411945,0.0787086290344,0.0783881168743,0.0783423294229,0.0780447109885,0.077838667457,0.0778615611827,0.0777699862798,0.0781362858914,0.0782736482457,0.0785941604058,0.0786857353087,0.0784796917772,0.0781591796171,0.0779073486341,0.0775410490226,0.0777013051026,0.0777013051026,0.0773121117653,0.0771289619596,0.0771289619596,0.077426580394,0.0769000247023,0.0769458121538,0.076762662348,0.0766710874451,0.076762662348,0.0768084497994,0.0765566188165,0.0764650439136,0.076510831365,0.0766710874451,0.0768542372509,0.0768084497994,0.0769915996052,0.0771289619596,0.0773578992168,0.0772892180396,0.0777928800055,0.0773121117653,0.0775181552968,0.0777699862798,0.0775410490226,0.0773350054911,0.0768542372509,0.0766024062679,0.0764421501879,0.0767168748965,0.0769229184281,0.0772205368624,0.0771976431367,0.0772663243139,0.0774494741197,0.0776097301997,0.077998923537,0.0783652231486,0.0783194356971,0.0784567980515,0.0785941604058,0.0787315227601,0.0791207160974,0.0790978223717,0.0792580784518,0.0797388466919,0.0801967212064,0.0802425086578,0.0801967212064,0.0799219964977,0.0798304215948,0.0798762090463,0.0800364651263,0.0802196149321,0.0806774894466,0.0807690643495,0.0809293204295,0.0815932384755,0.0819137506356,0.0822571565214,0.0824174126015,0.0824632000529,0.0828523933902,0.0830126494703,0.0832644804532,0.0839512922249,0.0840886545792,0.084683891448,0.084683891448,0.0846381039966,0.0845694228194,0.0849815098824,0.0852333408654,0.0850730847853,0.0853020220425,0.0858514714599,0.0864009208772,0.0862177710714,0.0864238146029,0.0862406647972,0.0866756455859,0.086996157746,0.087247988729,0.0877287569691,0.087660075792,0.0882553126608,0.0888505495295,0.0893771052212,0.0898578734613,0.0902012793472,0.0906591538616,0.0910483471989,0.0913459656333,0.0915062217134,0.091620690342,0.0918038401478,0.0917580526963,0.0919183087764,0.0923075021137,0.0926051205481,0.0928340578053,0.0935437633027,0.0945281935088,0.0947800244917,0.0949860680232,0.0949631742975,0.0952378990062,0.0952607927319,0.0954210488119,0.0958102421492,0.0959247107778,0.0959247107778,0.0961536480351,0.0959704982293,0.0964970539209,0.0963139041151,0.0967030974524,0.0969549284354,0.0973670154984,0.0974356966755,0.0972525468698,0.0973441217726,0.0973670154984,0.0973212280469,0.0975043778527,0.0976188464813,0.0980080398186,0.0982598708015,0.0981454021729,0.0986032766874,0.0986719578646,0.0989237888475,0.0989008951218,0.0990611512018,0.0991527261047,0.0993358759105,0.0996792817964,0.0998624316021,0.100091368859,0.100251624939,0.100274518665,0.100068475134,0.100045581408,0.0998166441507,0.0998624316021,0.100068475134,0.100457668471,0.100549243374,0.100595030825,0.101030011614,0.100984224163,0.100801074357,0.100984224163,0.101327630048,0.10153367358,0.101899973191,0.101991548094,0.101968654369,0.101762610837,0.101487886128,0.101419204951,0.10105290534,0.100915542985,0.1005721371,0.100091368859,0.100274518665,0.0998624316021,0.0997708566992,0.0998166441507,0.0995648131677,0.100251624939,0.099954006505,0.100045581408,0.100617924551,0.100434774745,0.100411881019,0.100297412391,0.099954006505,0.0997708566992,0.0999769002307,0.0999769002307,0.100091368859,0.0999769002307,0.100022687682,0.100068475134,0.100091368859,0.100388987294,0.100686605728,0.100388987294,0.100549243374,0.100274518665,0.100640818277,0.1005721371,0.100755286905,0.100617924551,0.100617924551,0.101121586517,0.100984224163,0.101007117888,0.101121586517,0.101350523774,0.101442098677,0.101442098677,0.101464992403,0.101831292014,0.101464992403,0.101304736323,0.101281842597,0.101396311226,0.10089264926,0.10105290534,0.100961330437,0.100984224163,0.101144480243,0.101075799065,0.101236055145,0.101098692791,0.101304736323,0.101648142208,0.101671035934,0.101648142208,0.10185418574,0.101899973191,0.101510779854,0.101304736323,0.1013734175,0.101877079466,0.101716823386,0.10169392966,0.10185418574,0.10201444182,0.101922866917,0.102243379077,0.102243379077,0.102289166529,0.10265546614,0.102884403398,0.103113340655,0.103021765752,0.103296490461,0.103502533992,0.103479640266,0.103502533992,0.103525427718,0.103525427718,0.103617002621,0.103182021832,0.103525427718,0.103548321443,0.103662790072,0.103662790072,0.103433852815,0.103868833604,0.103685683798,0.103800152426,0.103868833604,0.104258026941,0.104258026941,0.104326708118,0.104486964198,0.104486964198,0.104418283021,0.10453275165,0.104464070472,0.10453275165,0.104555645375,0.104578539101,0.104258026941,0.104303814392,0.104349601844,0.104280920667,0.104464070472,0.104212239489,0.10469300773,0.104578539101,0.104899051261,0.104830370084,0.105196669696,0.105425606953,0.105769012839,0.105952162644,0.106570293239,0.106570293239,0.106799230496,0.106890805399,0.107188423833,0.107028167753,0.107302892462,0.107279998736,0.107577617171,0.107669192074,0.107714979525,0.108127066588,0.108447578748,0.108356003845,0.108630728554,0.109065709343,