# R script for Peak Model
#  -- generated by MACS
p <- c(0.0417138254071,0.0426224852311,0.0436156715503,0.0446511211172,0.0458133604269,0.0467854151223,0.0479899176796,0.0493000783561,0.0503143962991,0.0513075826183,0.0522373740661,0.0533362185044,0.054287141576,0.055301459519,0.0559988031048,0.0569497261764,0.0582176236052,0.059147415053,0.0602251278675,0.0613662355534,0.062422816744,0.0635216611823,0.0644725842539,0.0655291654446,0.0663110355256,0.0673887483401,0.0682551449164,0.0692694628595,0.0701358594358,0.0711713090027,0.0722701534409,0.0731576816411,0.0741086047127,0.0752497123986,0.0765810046988,0.0775107961466,0.0782715346039,0.0792435892993,0.0795394320327,0.0796028269041,0.0796239585279,0.0794549055374,0.0796239585279,0.079729616647,0.0794337739136,0.079391510666,0.0793703790422,0.079391510666,0.0792647209231,0.0789900098135,0.078715298704,0.0782292713563,0.0786307722087,0.0782081397324,0.0778277705038,0.0776587175133,0.0775107961466,0.0776375858895,0.0774051380275,0.0773206115323,0.0774474012752,0.0775319277704,0.0772783482847,0.0775319277704,0.0774896645228,0.0773840064037,0.0769825055513,0.0770036371751,0.0769402423037,0.076792320937,0.0770247687989,0.0770247687989,0.0770459004227,0.076792320937,0.0765176098274,0.0765387414512,0.0764964782036,0.076792320937,0.0767077944417,0.0766866628179,0.0767077944417,0.0768557158084,0.076559873075,0.076221767094,0.0760104508559,0.0760738457273,0.0760738457273,0.0760527141035,0.0760527141035,0.0759047927368,0.0761161089749,0.0764542149559,0.0760315824797,0.076221767094,0.0763062935893,0.0763908200845,0.0763908200845,0.0761583722226,0.0760315824797,0.0762428987178,0.0762640303416,0.0761795038464,0.0764542149559,0.076221767094,0.0762851619654,0.0760104508559,0.0759681876082,0.0759893192321,0.0760315824797,0.0758413978654,0.0753342388939,0.0756300816272,0.0759470559844,0.0762428987178,0.0757146081225,0.0755244235082,0.0751229226557,0.0751863175272,0.0750172645367,0.074975001289,0.0750595277843,0.0748270799223,0.0749538696652,0.0749116064176,0.0746157636842,0.0745101055651,0.0747214218033,0.0748904747938,0.0745101055651,0.0746791585556,0.0750806594081,0.0754821602605,0.0756723448749,0.0754187653891,0.0754821602605,0.0756300816272,0.0753553705177,0.0749961329128,0.0751651859033,0.074975001289,0.0752708440224,0.0750806594081,0.0751017910319,0.0750383961605,0.0753553705177,0.0751440542795,0.07531310727,0.0751863175272,0.0751229226557,0.0751229226557,0.0753342388939,0.0753553705177,0.0751651859033,0.0750172645367,0.0751651859033,0.0752285807748,0.0750595277843,0.0749327380414,0.0752708440224,0.0752919756462,0.0753553705177,0.0753342388939,0.0753765021415,0.0754610286367,0.075545555132,0.0755878183796,0.0756723448749,0.0756300816272,0.0756300816272,0.0756300816272,0.0758202662416,0.0755244235082,0.0752285807748,0.0752497123986,0.0754398970129,0.0750172645367,0.0754821602605,0.0755032918844,0.0751017910319,0.075651213251,0.0756089500034,0.0758202662416,0.0757357397463,0.0758413978654,0.0761161089749,0.0761372405988,0.0762428987178,0.0761372405988,0.0760315824797,0.0759047927368,0.0761372405988,0.0763696884607,0.0766232679465,0.076559873075,0.076559873075,0.0765387414512,0.0767711893131,0.0769825055513,0.0770670320465,0.0770881636703,0.077130426918,0.0771092952942,0.0770247687989,0.0770459004227,0.0770036371751,0.0770036371751,0.0770036371751,0.0764753465798,0.0765810046988,0.0769191106798,0.0769613739275,0.0767711893131,0.0771092952942,0.0772783482847,0.0776375858895,0.0776798491371,0.0774262696514,0.0775953226419,0.0775319277704,0.0772149534132,0.0768134525608,0.0766232679465,0.0761372405988,0.0763696884607,0.0766443995703,0.0768134525608,0.0767711893131,0.076792320937,0.0771726901656,0.0773417431561,0.0774896645228,0.0773840064037,0.0775953226419,0.0774896645228,0.0773206115323,0.0775319277704,0.0776587175133,0.0778489021276,0.078144744861,0.0779334286229,0.0777643756324,0.0778489021276,0.0779334286229,0.0776587175133,0.0781658764848,0.0781658764848,0.0779122969991,0.0782926662277,0.0788632200706,0.0790111414373,0.079053404685,0.0794337739136,0.0791801944278,0.0793703790422,0.0797084850232,0.0793492474183,0.0795183004089,0.0796239585279,0.079729616647,0.0796239585279,0.0794549055374,0.0797507482708,0.0801311174994,0.0802367756185,0.0804480918566,0.0806594080948,0.0807650662138,0.0811031721948,0.0810397773234,0.0812722251853,0.0815891995425,0.0817371209092,0.081758252533,0.0820963585141,0.0822442798808,0.0824133328713,0.0828148337237,0.0831106764571,0.0832585978238,0.0836389670524,0.083913678162,0.0842306525192,0.0838714149144,0.0842729157668,0.0844208371335,0.0844419687573,0.0845264952526,0.0846744166193,0.084822337986,0.0850970490955,0.0851181807193,0.0852027072146,0.0855408131956,0.0857098661861,0.0863860781481,0.086850973872,0.087189079853,0.0879920815579,0.0884147140342,0.0886471618961,0.0888373465105,0.0889430046295,0.0892388473629,0.0898305328297,0.0899784541964,0.0899150593249,0.0898305328297,0.0903165601774,0.0903799550488,0.0907814559013,0.0910984302585,0.0909505088918,0.0915210627347,0.091711247349,0.09160558923,0.0921761430729,0.0925142490539,0.0926410387968,0.0927255652921,0.0929368815302,0.0927044336683,0.0928100917873,0.0932327242636,0.0930848028969,0.0932749875112,0.0936764883637,0.0937821464827,0.0940779892161,0.0943738319495,0.0942681738304,0.0947119379305,0.0949443857924,0.0953881498925,0.0957473874973,0.0959375721117,0.0963813362117,0.0964447310832,0.0965081259546,0.0967828370642,0.0968251003118,0.0968884951833,0.0968251003118,0.0969730216785,0.0968673635594,0.0973533909071,0.0973111276595,0.0976281020167,0.09748018065,0.0975435755215,0.09748018065,0.0976914968882,0.0976703652643,0.097712628512,0.0979873396215,0.0981141293644,0.0980296028692,0.0980718661168,0.0981986558597,0.0985578934645,0.0986212883359,0.0987692097026,0.0986212883359,0.0988114729503,0.0991284473075,0.0993186319218,0.0995933430313,0.0995510797837,0.10014276525,0.100354081489,0.100755582341,0.100523134479,0.100396344736,0.100438607984,0.100502002855,0.100523134479,0.100438607984,0.100438607984,0.10069218747,0.100882372084,0.100565397727,0.10069218747,0.100903503708,0.101051425074,0.101157083194,0.101410662679,0.101537452422,0.101495189175,0.101854426779,0.101537452422,0.101410662679,0.101664242165,0.101643110541,0.101938953275,0.10174876866,0.101896690027,0.102086874641,0.102361585751,0.10246724387,0.102298190879,0.102340454127,0.102213664384,0.101981216522,0.10202347977,0.101791031908,0.102150269513,0.102424980622,0.102086874641,0.102150269513,0.102086874641,0.102171401137,0.102298190879,0.102129137889,0.102298190879,0.102129137889,0.101896690027,0.101917821651,0.101812163532,0.101917821651,0.102044611394,0.102129137889,0.102382717375,0.10263629686,0.102572901989,0.102889876346,0.102868744722,0.102889876346,0.102551770365,0.102551770365,0.10246724387,0.102572901989,0.102889876346,0.102551770365,0.102551770365,0.102171401137,0.102213664384,0.102086874641,0.102108006265,0.10291100797,0.103143455832,0.103101192584,0.102932139594,0.102868744722,0.102657428484,0.102572901989,0.102720823356,0.102382717375,0.102572901989,0.102741954979,0.102889876346,0.102403848998,0.10246724387,0.102361585751,0.102277059256,0.102424980622,0.10219253276,0.102044611394,0.102129137889,0.102234796008,0.102424980622,0.102065743017,0.102129137889,0.10202347977,0.102086874641,0.101938953275,0.102002348146,0.10219253276,0.101875558403,0.101896690027,0.101706505413,0.102213664384,0.102213664384,0.102171401137,0.102424980622,0.102340454127,0.102361585751,0.102657428484,0.102488375494,0.102763086603,0.103122324208,0.103333640446,0.103122324208,0.10318571908,0.103756272923,0.103692878051,0.10362948318,0.103418166942,0.103206850703,0.10362948318,0.103735141299,0.104136642151,0.104136642151,0.104263431894,0.104728327618,0.105172091718,0.105298881461,0.105510197699,0.105003038728,0.105003038728,0.105108696847,0.105383407956,0.105763777185,0.105911698551,0.106376594275,0.106651305385,0.106820358375,0.106947148118,0.107221859228,0.107813544695,