# R script for Peak Model
#  -- generated by MACS
p <- c(0.0394595406686,0.0405326613213,0.0415834252938,0.0425894759058,0.0434613864361,0.0446239338099,0.0457194111429,0.046904315197,0.0477091556866,0.0485810662169,0.0494976901078,0.0504590273592,0.0514203646106,0.0524487719028,0.0535889625964,0.0544161597662,0.0553774970176,0.0563835476296,0.0573001715205,0.0583285788127,0.0592675593838,0.0600053298326,0.0608995970432,0.0621962844986,0.0633588318724,0.0647002326883,0.0658851367424,0.0670029707557,0.0679419513268,0.0686797217756,0.0697304857481,0.0706471096389,0.0715637335298,0.0727262809036,0.0737323315156,0.0748725222091,0.0758785728211,0.0769740501541,0.0769516934738,0.0769740501541,0.0767728400317,0.0769293367936,0.076795196712,0.076884623433,0.0769516934738,0.0771305469159,0.0769069801133,0.0769069801133,0.0771305469159,0.0773094003581,0.0773317570383,0.0771976169567,0.0771752602765,0.077219973637,0.0771976169567,0.0770187635146,0.0770411201949,0.076795196712,0.0767504833514,0.0764151331474,0.0763257064264,0.0763480631066,0.0765939865896,0.076549273229,0.0763704197869,0.0765269165488,0.0769516934738,0.0768622667528,0.0770634768751,0.0770634768751,0.0771976169567,0.0770187635146,0.0768399100725,0.0766834133106,0.0763927764672,0.0765045598685,0.0765716299093,0.0764151331474,0.0763033497461,0.0762139230251,0.0764822031882,0.0761692096645,0.0760797829435,0.0758785728211,0.0759679995421,0.0760574262632,0.0760797829435,0.0760574262632,0.0764374898277,0.0762809930659,0.0761021396237,0.0763480631066,0.0764374898277,0.0763480631066,0.0763927764672,0.0763704197869,0.0762809930659,0.0765269165488,0.0764822031882,0.0762362797053,0.0763480631066,0.0763480631066,0.0758785728211,0.0758115027803,0.0756550060184,0.0758338594605,0.0757220760592,0.0754761525763,0.0754761525763,0.0752972991342,0.0752302290934,0.0750960890118,0.075029018971,0.0750737323315,0.0752972991342,0.0750066622907,0.0749619489302,0.0749619489302,0.0750737323315,0.0751408023723,0.0750737323315,0.0749619489302,0.0749843056105,0.0748501655289,0.074693668767,0.0744477452841,0.0744030319236,0.0739111849577,0.0737770448761,0.0737099748353,0.0735311213932,0.0736205481143,0.0739782549985,0.0737323315156,0.0735311213932,0.0737099748353,0.073933541638,0.0744253886038,0.0744253886038,0.074358318563,0.074358318563,0.0740900383998,0.0738441149169,0.0740453250393,0.073933541638,0.0739111849577,0.0741123950801,0.0741347517604,0.0739111849577,0.0738441149169,0.074022968359,0.0741794651209,0.0742465351617,0.0740900383998,0.0740453250393,0.073933541638,0.0738217582366,0.0738888282774,0.0738888282774,0.0740676817196,0.074022968359,0.0741794651209,0.074358318563,0.0743359618828,0.0737099748353,0.0737099748353,0.0740900383998,0.0740676817196,0.0739558983182,0.0738888282774,0.0739558983182,0.0737323315156,0.0738217582366,0.0735758347537,0.0737994015564,0.0739111849577,0.0736652614748,0.0732851979103,0.0735087647129,0.0734640513524,0.0736205481143,0.0736652614748,0.0737546881959,0.0739111849577,0.0737994015564,0.0735534780735,0.0736429047945,0.0735758347537,0.0735087647129,0.0733969813116,0.0734864080327,0.0735311213932,0.0735534780735,0.0734640513524,0.0731957711892,0.0733075545905,0.0733746246313,0.0737099748353,0.0738441149169,0.073933541638,0.0738441149169,0.0741571084406,0.0739782549985,0.0744701019643,0.0744253886038,0.0743136052025,0.0746713120867,0.0745818853657,0.0746042420459,0.0749395922499,0.0752525857736,0.0752302290934,0.0748501655289,0.0747830954881,0.0746489554065,0.0751408023723,0.0756102926579,0.0757444327395,0.0756997193789,0.0758785728211,0.0758338594605,0.0756550060184,0.075364369175,0.0752749424539,0.0756102926579,0.0756997193789,0.0760127129027,0.0759232861816,0.0758785728211,0.076124496304,0.0759903562224,0.0763480631066,0.0762809930659,0.0763257064264,0.0767281266712,0.0766163432698,0.0768399100725,0.077219973637,0.0768399100725,0.0767057699909,0.0769069801133,0.0770411201949,0.0771081902357,0.0769069801133,0.0771081902357,0.0773317570383,0.0775329671607,0.0780024574463,0.07831545097,0.0786060878135,0.0785837311332,0.0784943044121,0.0784719477319,0.0782483809292,0.0782930942897,0.0784719477319,0.0786955145345,0.0786955145345,0.0785837311332,0.0788967246569,0.0792991449017,0.0796568517859,0.0797015651465,0.0798133485478,0.0801486987518,0.0801934121123,0.0803722655544,0.08084175584,0.0808641125203,0.0812888894453,0.0820713732546,0.0821384432954,0.0824737934994,0.0824290801389,0.0824737934994,0.0823843667783,0.0826302902613,0.0825632202205,0.0826526469415,0.0827644303428,0.0829879971455,0.0830997805468,0.0829656404652,0.0834351307508,0.08336806071,0.0836586975535,0.0839493343969,0.0841505445193,0.0845529647641,0.0844858947233,0.0849106716483,0.0850671684102,0.0850224550497,0.0854248752944,0.0856707987774,0.0856037287366,0.0860955757024,0.0864309259064,0.0868109894709,0.0867439194301,0.0870792696341,0.087325193117,0.0874369765183,0.0879511801644,0.0882194603276,0.0884877404908,0.0888230906948,0.0889795874567,0.0892031542593,0.0894937911028,0.0893820077014,0.0896950012251,0.0899632813883,0.0900527081094,0.0909246186397,0.0918188858504,0.0925119429386,0.0928249364623,0.0927355097413,0.0930932166255,0.0934956368703,0.0936968469927,0.0936968469927,0.0937862737137,0.0941216239177,0.094568757523,0.0946581842441,0.0949264644073,0.0952841712915,0.0960890117811,0.0965585020667,0.0966032154272,0.0966255721074,0.0968491389101,0.0974751259575,0.0976092660391,0.0980787563247,0.0984588198892,0.0986376733313,0.0986600300116,0.0986376733313,0.0987494567327,0.0990177368959,0.0989059534945,0.0990400935761,0.0993530870998,0.099196590338,0.0993978004604,0.0996884373038,0.0996660806236,0.099956717467,0.100292067671,0.100627417875,0.101096908161,0.101096908161,0.101141621521,0.101499328405,0.10192410533,0.102170028813,0.101946462011,0.102281812215,0.102326525575,0.102348882255,0.102371238936,0.102594805738,0.102460665657,0.102572449058,0.102684232459,0.102796015861,0.102907799262,0.103332576187,0.103332576187,0.103377289548,0.103690283071,0.10438334016,0.104673977003,0.104897543806,0.105076397248,0.10523289401,0.104785760404,0.104919900486,0.104808117085,0.105054040568,0.104942257166,0.105098753928,0.10523289401,0.105344677411,0.105210537329,0.105076397248,0.104942257166,0.104629263642,0.104517480241,0.104159773357,0.104472766881,0.104316270119,0.104293913439,0.104047989956,0.104025633275,0.103958563235,0.104092703316,0.103690283071,0.103332576187,0.103422002908,0.103667926391,0.104047989956,0.104204486717,0.103958563235,0.104025633275,0.104159773357,0.104539836921,0.10440569684,0.104338626799,0.103869136513,0.103690283071,0.103913849874,0.103980919915,0.104271556758,0.104338626799,0.103667926391,0.103734996432,0.104204486717,0.104159773357,0.103913849874,0.104293913439,0.104204486717,0.104472766881,0.104629263642,0.104629263642,0.104204486717,0.103980919915,0.104360983479,0.104562193602,0.104517480241,0.104182130037,0.103913849874,0.104226843398,0.104115059996,0.104025633275,0.104249200078,0.104204486717,0.103936206554,0.104338626799,0.104226843398,0.103980919915,0.103690283071,0.103645569711,0.103287862827,0.103422002908,0.103220792786,0.103310219507,0.102438308976,0.102259455534,0.102170028813,0.101968818691,0.102013532051,0.102214742174,0.102460665657,0.102863085902,0.102863085902,0.103265506146,0.103623213031,0.103444359588,0.103802066473,0.103869136513,0.103779709792,0.103623213031,0.103734996432,0.103824423153,0.104025633275,0.103690283071,0.103891493194,0.104070346636,0.104025633275,0.104204486717,0.104338626799,0.104495123561,0.104830473765,0.105590600894,0.105523530853,0.105076397248,0.104808117085,0.104651620323,0.104919900486,0.104808117085,0.104964613846,0.104986970527,0.105411747452,0.105657670935,0.105881237737,0.10612716122,0.10610480454,0.106775504948,0.106551938145,0.106596651506,0.107133211832,0.107088498472,0.107043785111,0.10693200171,0.107468562036,0.107446205356,0.107200281873,0.106753148268,0.106797861628,0.107133211832,0.107490918716,0.107356778635,0.107714485519,0.107692128839,