# R script for Peak Model
#  -- generated by MACS
p <- c(0.0400982186291,0.0410016446987,0.0420208946235,0.0430864740902,0.0439667353888,0.0449396557715,0.0460284000093,0.0471866385601,0.0481595589428,0.0490166554704,0.0500359053951,0.0509856610067,0.0518195927633,0.0529778313141,0.0539507516968,0.0549236720795,0.055688109523,0.0568463480738,0.0579814218536,0.0587921888392,0.0596492853668,0.0606917000625,0.0616646204452,0.0623827283467,0.0635641316686,0.0646065463643,0.0654868076629,0.0666913757558,0.0676642961384,0.0687993699182,0.0698186198429,0.0707220459126,0.0714169890431,0.0725057332808,0.0737566309157,0.0750075285506,0.0760731080173,0.076999698858,0.0767680511478,0.0765364034377,0.0765132386666,0.0766753920637,0.0767680511478,0.0766522272927,0.0761889318724,0.0764205795826,0.0766985568348,0.0766058977507,0.0765827329797,0.0766058977507,0.0762584261855,0.0758646250782,0.0759109546202,0.0760499432463,0.0763510852695,0.0759804489333,0.0759804489333,0.0759804489333,0.0760036137043,0.0758182955361,0.0758182955361,0.0762352614144,0.0762815909565,0.0760499432463,0.0761889318724,0.0763742500405,0.0763279204985,0.0763510852695,0.0767217216058,0.0766522272927,0.0766753920637,0.0769070397739,0.0770460284,0.0767912159188,0.0766753920637,0.0763974148116,0.0761889318724,0.0762120966434,0.0762584261855,0.0761657671014,0.0761426023304,0.0763047557275,0.0764900738956,0.0766058977507,0.0766058977507,0.0769533693159,0.0769302045449,0.0768607102319,0.0769533693159,0.0766522272927,0.0765595682087,0.0765364034377,0.0768143806898,0.0765132386666,0.0763279204985,0.0763742500405,0.0764437443536,0.0766058977507,0.0768607102319,0.0769070397739,0.0768375454609,0.0769302045449,0.0771386874841,0.0768143806898,0.0767448863768,0.0763279204985,0.0763510852695,0.0764205795826,0.0766753920637,0.0765827329797,0.0765364034377,0.0764205795826,0.0762584261855,0.0762584261855,0.0762120966434,0.0760267784753,0.0760731080173,0.0762120966434,0.0763510852695,0.0763974148116,0.0764205795826,0.0764669091246,0.0760499432463,0.0759109546202,0.0757719659941,0.0761194375594,0.0759804489333,0.0759341193912,0.0762584261855,0.0758414603072,0.0758182955361,0.0761426023304,0.0763510852695,0.0762815909565,0.0762120966434,0.0763510852695,0.0765827329797,0.0764900738956,0.0765364034377,0.0765827329797,0.0764205795826,0.0763047557275,0.0764669091246,0.0764900738956,0.0762352614144,0.0763742500405,0.0766985568348,0.0764205795826,0.0760267784753,0.0762120966434,0.0760962727883,0.0761657671014,0.0763279204985,0.0763279204985,0.0763742500405,0.0763974148116,0.0765132386666,0.0765595682087,0.0764669091246,0.0759341193912,0.0759572841622,0.0759109546202,0.0758877898492,0.0758414603072,0.0761194375594,0.0764437443536,0.0766290625217,0.0766290625217,0.0766522272927,0.0768838750029,0.077069193171,0.0773008408812,0.0771850170261,0.0769302045449,0.0766290625217,0.0768607102319,0.0767680511478,0.0767448863768,0.0767680511478,0.0767912159188,0.0769533693159,0.0773471704232,0.0773703351942,0.0773471704232,0.0775324885914,0.0775324885914,0.0775788181334,0.0773934999653,0.0776019829044,0.0778336306146,0.0779031249276,0.0780189487827,0.0782274317218,0.0779031249276,0.0775324885914,0.0777409715305,0.0780189487827,0.0780189487827,0.0783432555769,0.0781811021798,0.0783200908059,0.0779957840117,0.0782969260349,0.0787138919132,0.0789455396233,0.0791540225625,0.0790613634784,0.0789223748523,0.0788065509972,0.0787602214552,0.0787370566842,0.078505408974,0.0781811021798,0.0780652783247,0.0781347726378,0.0780652783247,0.0786675623711,0.0785749032871,0.0786907271422,0.0785749032871,0.0788760453103,0.0792003521045,0.0789918691654,0.0791540225625,0.0794088350437,0.0792698464176,0.0794551645857,0.0792698464176,0.0792466816466,0.0793625055016,0.0793161759596,0.0793625055016,0.0795478236698,0.0794319998147,0.0792930111886,0.0796173179828,0.0795246588987,0.0797099770669,0.0796173179828,0.0797563066089,0.0797563066089,0.0796868122959,0.0797331418379,0.0800111190901,0.079941624777,0.079941624777,0.079918460006,0.079872130464,0.0800111190901,0.079825800922,0.0801732724872,0.0801732724872,0.0803354258843,0.0801501077162,0.0800574486321,0.0802890963423,0.0801732724872,0.0801269429452,0.0801037781742,0.0802196020292,0.0807987213046,0.0811925224119,0.0811461928699,0.0815863235192,0.0814936644351,0.0814241701221,0.0817484769163,0.0818179712294,0.0814936644351,0.0817484769163,0.0824202552758,0.0826055734439,0.0825824086729,0.0825824086729,0.0822581018787,0.0828603859251,0.0829067154671,0.0833236813454,0.0836016585976,0.0833931756585,0.0832773518034,0.0833700108874,0.0835089995135,0.0838796358498,0.084134448331,0.084203942644,0.0844124255832,0.0848525562325,0.0848988857745,0.0854316755079,0.0858023118441,0.0865667492877,0.0864509254326,0.0871921981051,0.0869373856239,0.0872153628761,0.0874006810443,0.087030044708,0.0870995390211,0.0874006810443,0.0877713173805,0.0880724594037,0.0880492946327,0.088466260511,0.0885589195951,0.0886284139081,0.0892075331835,0.0894160161227,0.0893696865806,0.0895086752067,0.0896708286039,0.089925641085,0.0900877944822,0.0897403229169,0.0901804535662,0.0901572887952,0.0902731126503,0.0906900785286,0.0909448910098,0.0913850216591,0.0916398341402,0.0915471750562,0.0919409761635,0.0923811068128,0.0928444022331,0.0931455442563,0.0931223794853,0.0934698510505,0.0936783339897,0.0943037828071,0.0944659362042,0.0944659362042,0.0949523963956,0.0952767031898,0.095577845213,0.095647339526,0.0953693622739,0.0952767031898,0.0951145497927,0.0951608793347,0.095647339526,0.0956705042971,0.095647339526,0.0961569644884,0.0964117769696,0.0967592485348,0.0965044360536,0.0964812712826,0.0964581065116,0.0965276008247,0.097037225787,0.097014061016,0.0974541916653,0.0971762144131,0.0971067201001,0.0973152030392,0.0973383678102,0.0976626746045,0.0981954643378,0.0981259700248,0.0980101461697,0.0987050893002,0.0990525608654,0.0990525608654,0.0993305381176,0.0994231972017,0.0993537028886,0.0993073733466,0.0993073733466,0.0988904074683,0.0994231972017,0.0995158562858,0.0995390210568,0.0995158562858,0.0996548449119,0.0995621858278,0.0996085153698,0.0996548449119,0.100257128958,0.100627765295,0.10053510621,0.100859413005,0.100257128958,0.100488776668,0.100789918692,0.100766753921,0.101021566402,0.101021566402,0.101137390257,0.10143853228,0.101137390257,0.101832333387,0.101832333387,0.101253214112,0.101067895944,0.100928907318,0.100789918692,0.10097523686,0.100998401631,0.100813083463,0.10097523686,0.101299543654,0.10120688457,0.101253214112,0.101369037967,0.101415367509,0.101299543654,0.10120688457,0.10143853228,0.10143853228,0.101392202738,0.101739674303,0.101739674303,0.101531191364,0.10211031064,0.101948157242,0.101832333387,0.102202969724,0.10257360606,0.102318793579,0.102643100373,0.102365123121,0.102249299266,0.102226134495,0.102596770831,0.102851583312,0.102550441289,0.102782088999,0.102735759457,0.102921077625,0.103222219648,0.103129560564,0.103361208274,0.103291713961,0.103013736709,0.103152725335,0.103778174153,0.103616020756,0.103361208274,0.103546526443,0.103778174153,0.103407537816,0.103430702588,0.103430702588,0.103685515069,0.103662350298,0.103801338924,0.103824503695,0.103917162779,0.104357293428,0.104565776367,0.104704764993,0.104843753619,0.104565776367,0.104681600222,0.104681600222,0.104959577475,0.105121730872,0.105399708124,0.105098566101,0.10530704904,0.105469202437,0.105260719498,0.105399708124,0.105631355834,0.105724014918,0.105863003544,0.105399708124,0.105422872895,0.105816674002,0.10577034446,0.105631355834,0.105724014918,0.105978827399,0.10600199217,0.10600199217,0.105747179689,0.105955662628,0.106326298965,0.106094651254,0.10600199217,0.105677685376,0.106094651254,0.106256804651,0.105978827399,0.105839838773,0.105863003544,0.105793509231,0.105724014918,0.106140980796,0.105955662628,0.105955662628,0.105863003544,0.105839838773,0.105724014918,0.106071486483,0.105816674002,0.106140980796,0.106581111446,0.106812759156,0.107021242095,0.107044406866,0.107484537515,0.107623526141,0.107762514768,0.107970997707,