# R script for Peak Model
#  -- generated by MACS
p <- c(0.0375454985262,0.038681255317,0.0401009513055,0.0409964518521,0.0418701109219,0.0428748188523,0.0442071489338,0.0454084301548,0.04684996762,0.0479420414573,0.0488812249574,0.0497985669807,0.0506722260505,0.0516332510274,0.0528782152019,0.0539702890392,0.05510604583,0.0559360219463,0.0569844128301,0.0580764866674,0.0593869752722,0.0605664150165,0.061636647377,0.0625976723538,0.0636242217609,0.0644978808307,0.0653060154703,0.0663762478309,0.0673591142844,0.0681890904008,0.0693685301451,0.0702640306916,0.0713779460057,0.0725792272267,0.0735184107268,0.0747633749013,0.0758554487386,0.0769693640526,0.0771659373434,0.0771877788201,0.0774717180178,0.077537242448,0.0779085475527,0.0780832793667,0.0782361697039,0.0785201089016,0.0783235356109,0.0784545844714,0.0781051208434,0.0783235356109,0.0781488037969,0.0783453770876,0.0782580111807,0.0785201089016,0.0786074748086,0.078825889576,0.0784109015179,0.0788040480993,0.0786729992388,0.0786729992388,0.0784764259481,0.0790661458203,0.0792845605877,0.0796558656924,0.0799834878436,0.0802237440878,0.0800271707971,0.0799179634133,0.0801582196575,0.0802237440878,0.080551366239,0.0807042565762,0.0805076832855,0.0804203173785,0.0803547929483,0.0800271707971,0.0800271707971,0.0799398048901,0.0795029753552,0.0796121827389,0.0797869145529,0.0799834878436,0.0795029753552,0.0792190361575,0.0788695725295,0.07900062139,0.0790661458203,0.0790661458203,0.0790661458203,0.0793500850179,0.0790661458203,0.078913255483,0.078825889576,0.078825889576,0.0786293162853,0.0784327429946,0.0781051208434,0.0779303890295,0.0778430231225,0.0780832793667,0.0782143282272,0.0782143282272,0.0784327429946,0.0784982674249,0.0788040480993,0.078913255483,0.078913255483,0.0790661458203,0.0791316702505,0.078825889576,0.079175353204,0.0787822066226,0.0787603651458,0.0787166821923,0.0788477310528,0.0788040480993,0.0786511577621,0.0791098287737,0.07900062139,0.0789350969598,0.0786729992388,0.0786074748086,0.0787603651458,0.0786074748086,0.0788914140063,0.0787385236691,0.0788695725295,0.0787603651458,0.07900062139,0.0790661458203,0.0787385236691,0.0785637918551,0.0785637918551,0.0783235356109,0.0782580111807,0.0781051208434,0.0780395964132,0.077886706076,0.0779959134597,0.0777556572155,0.0777338157387,0.0775809254015,0.0776464498318,0.0773188276806,0.0773188276806,0.0773625106341,0.0771222543899,0.0769912055294,0.0768819981457,0.0767291078084,0.0767291078084,0.0770348884829,0.0771659373434,0.0771222543899,0.0771877788201,0.0773625106341,0.0772533032503,0.0772969862038,0.0775154009713,0.0774717180178,0.0774498765411,0.0774061935876,0.0774935594945,0.077537242448,0.077537242448,0.0773625106341,0.0771440958666,0.0774935594945,0.0773406691573,0.0776027668783,0.0776901327853,0.0779522305062,0.0777774986922,0.077886706076,0.0779303890295,0.077886706076,0.0779959134597,0.0781051208434,0.0781706452737,0.0782361697039,0.0779522305062,0.0782361697039,0.0785856333318,0.0785856333318,0.0784764259481,0.0786729992388,0.0783890600411,0.0785856333318,0.0786074748086,0.0785856333318,0.0783672185644,0.0785637918551,0.0784982674249,0.0779522305062,0.0780832793667,0.0782580111807,0.0787603651458,0.0786948407156,0.0786074748086,0.0786948407156,0.0787603651458,0.0786729992388,0.0785419503783,0.0784327429946,0.0781488037969,0.0781488037969,0.0782580111807,0.0782143282272,0.0785201089016,0.0786074748086,0.0786729992388,0.0789350969598,0.0792190361575,0.079175353204,0.0790443043435,0.0789787799133,0.0790661458203,0.0792408776342,0.0792845605877,0.0796558656924,0.0795903412622,0.0794374509249,0.0794811338784,0.0795466583087,0.0798961219366,0.0804858418087,0.0807042565762,0.080551366239,0.080376634425,0.0805732077157,0.080551366239,0.0801582196575,0.080289268518,0.0800271707971,0.0801582196575,0.0802237440878,0.080289268518,0.0802237440878,0.0801800611343,0.0801145367041,0.0802455855645,0.0803329514715,0.0806824150994,0.0803984759018,0.080638732146,0.0807479395297,0.0809445128204,0.0812066105414,0.0815342326925,0.0815123912158,0.081840013367,0.08175264746,0.081577915646,0.0814468667856,0.0817744889367,0.0817744889367,0.082014745181,0.0820365866577,0.0819710622275,0.0821676355182,0.0823642088089,0.0827355139136,0.0829320872043,0.0830631360648,0.0831068190182,0.0831723434485,0.0834781241229,0.0834781241229,0.0839586366113,0.084242575809,0.0840896854718,0.0839586366113,0.0840241610416,0.0843736246695,0.0850288689719,0.0854220155533,0.0852691252161,0.0855530644138,0.085880686565,0.0863830405301,0.0867543456348,0.0869509189255,0.0872348581232,0.0877808950419,0.0880648342396,0.0887419200187,0.0893097984141,0.0894190057978,0.0898121523792,0.0899650427165,0.0901616160072,0.0905329211119,0.0908168603096,0.0909260676933,0.091122640984,0.091035275077,0.0914284216584,0.0918215682399,0.092236556298,0.0926515443562,0.0928918006004,0.0931757397981,0.0932412642284,0.0931538983214,0.0936344108098,0.0936344108098,0.0940712403447,0.0945735943099,0.0948138505541,0.0954254119029,0.0957093511006,0.0959496073449,0.0962335465425,0.0965611686937,0.0966485346007,0.0972819374264,0.0977187669613,0.0980245476357,0.0983303283102,0.0986142675079,0.0987453163683,0.0988108407986,0.0992695118102,0.099291353287,0.0994224021475,0.0996844998684,0.0997718657754,0.0997063413452,0.0998592316824,0.100274219741,0.100252378264,0.0999684390661,0.10014317088,0.100317902694,0.100099487927,0.0998373902056,0.0999684390661,0.0996844998684,0.0998373902056,0.0997063413452,0.0997500242986,0.100033963496,0.100099487927,0.100121329403,0.0997718657754,0.100165012357,0.100317902694,0.100514475985,0.100470793031,0.100492634508,0.0999684390661,0.0998155487289,0.0998810731591,0.0997063413452,0.0999247561126,0.0999029146359,0.0999247561126,0.10001212202,0.0998373902056,0.0995534510079,0.0994879265777,0.0988763652288,0.0986797919381,0.0988545237521,0.0984395356939,0.0986142675079,0.0988545237521,0.0988326822753,0.0988326822753,0.0989637311358,0.0990074140893,0.0989855726125,0.0991821459032,0.0988763652288,0.0985487430776,0.0983521697869,0.0983084868334,0.0981119135427,0.0985487430776,0.0988982067056,0.0985924260311,0.0989200481823,0.0984832186474,0.0983303283102,0.0984395356939,0.0980463891125,0.0979371817287,0.0979371817287,0.0976969254845,0.097653242531,0.0978934987752,0.0976095595775,0.0974785107171,0.0972819374264,0.0972382544729,0.0974348277636,0.0975440351473,0.0975877181008,0.0973693033333,0.0973037789031,0.0973037789031,0.0973911448101,0.0973693033333,0.0977624499148,0.0981555964962,0.0982648038799,0.0978934987752,0.0984395356939,0.0983303283102,0.0981337550194,0.0985269016009,0.0988326822753,0.0987671578451,0.0988545237521,0.098941889659,0.0991603044265,0.0991603044265,0.0993131947637,0.0995971339614,0.100165012357,0.100776573706,0.100623683368,0.100711049275,0.100601841892,0.100492634508,0.100711049275,0.100994988473,0.100973146996,0.101126037334,0.101126037334,0.101191561764,0.101278927671,0.10114787881,0.10101682995,0.101475500962,0.101715757206,0.101846806066,0.102065220834,0.102218111171,0.102458367415,0.102917038427,0.10296072138,0.102720465136,0.10282967252,0.10296072138,0.102785989566,0.103266502055,0.10376885602,0.103878063404,0.104052795218,0.104249368508,0.104402258846,0.104511466229,0.104358575892,0.103921746357,0.104074636694,0.104052795218,0.104096478171,0.104271209985,0.104445941799,0.104096478171,0.104249368508,0.104118319648,0.104030953741,0.104598832136,0.104424100322,0.104271209985,0.10477356395,0.105013820194,0.104729880997,0.104991978718,0.104948295764,0.105057503148,0.105254076439,0.105188552008,0.104882771334,0.105079344625,0.105428808253,0.105297759392,0.104948295764,0.104533307706,0.104467783276,0.104795405427,0.104467783276,0.104795405427,0.104664356566,0.104183844078,0.104620673613,0.104533307706,0.104424100322,0.104249368508,0.104271209985,0.104533307706,0.104533307706,0.104336734415,0.103725173066,0.103659648636,0.103943587834,0.103921746357,0.104183844078,0.104205685555,0.104555149183,0.104598832136,0.10470803952,0.104882771334,0.105101186101,