# R script for Peak Model
#  -- generated by MACS
p <- c(0.0402046376618,0.0412254132285,0.0422925876846,0.0433133632513,0.0444733354862,0.0455173104977,0.0465380860644,0.047489263297,0.0483244433061,0.0492060222047,0.0500180027691,0.0507603849994,0.0518275594555,0.0527091383541,0.0537067144761,0.0546810911534,0.0559570606118,0.0570474345126,0.0579058139664,0.058787392865,0.059784968987,0.0608057445537,0.0618729190098,0.0629632929106,0.063705675141,0.0650280434888,0.0658864229426,0.0670927940669,0.0682527663018,0.0691343452003,0.0703407163246,0.0713614918913,0.0724054669027,0.0736582369164,0.0744934169256,0.0756765886052,0.076302973612,0.0772773502893,0.0774165469575,0.0777877380727,0.077532544181,0.0776717408492,0.077764538628,0.0776717408492,0.0778109375174,0.0778341369621,0.0780893308538,0.0779733336303,0.0779501341856,0.0778805358515,0.0780429319644,0.0781589291879,0.078228527522,0.0779733336303,0.0778805358515,0.0779733336303,0.0779501341856,0.0776253419598,0.077532544181,0.0771845525106,0.0770685552871,0.0771149541765,0.0768365608401,0.076998956953,0.0772309513999,0.0770453558424,0.0771381536212,0.0769525580636,0.0772773502893,0.0772309513999,0.0771613530659,0.0771613530659,0.0770917547318,0.0772541508446,0.0771381536212,0.0773933475128,0.0772541508446,0.0772077519552,0.0769293586189,0.0768597602848,0.0766973641719,0.076534968059,0.0765581675037,0.076534968059,0.0768829597295,0.0771381536212,0.0771381536212,0.0775557436257,0.0775093447363,0.077532544181,0.0777877380727,0.0776949402939,0.0772541508446,0.0769061591742,0.0767205636166,0.0768365608401,0.0766509652825,0.0766973641719,0.0766973641719,0.0768829597295,0.0772309513999,0.0769757575083,0.0771613530659,0.0769525580636,0.0768365608401,0.0771149541765,0.0768597602848,0.0767901619507,0.0766277658378,0.0763261730567,0.0763493725014,0.076070979165,0.0765813669484,0.076302973612,0.0763493725014,0.0760941786097,0.0762101758332,0.0759549819416,0.0762333752779,0.0761637769438,0.0760941786097,0.0762565747226,0.0758389847181,0.0760245802756,0.0760013808309,0.0759085830522,0.0757229874946,0.0754213947135,0.0753749958241,0.07530539749,0.0749806052642,0.0746558130385,0.0744006191468,0.0744934169256,0.0746326135938,0.0747254113726,0.0747486108173,0.0749342063748,0.0750966024877,0.0752589986006,0.0750038047089,0.0750270041536,0.0748878074854,0.0745630152597,0.074539815815,0.0747950097066,0.0747254113726,0.0744238185915,0.0742150235892,0.0739598296975,0.0741222258104,0.0738206330293,0.0742150235892,0.074307821368,0.0744934169256,0.074307821368,0.0741918241445,0.074307821368,0.0741222258104,0.0740526274763,0.0740990263657,0.0737974335846,0.0739598296975,0.074075826921,0.0738902313634,0.0740990263657,0.0739366302528,0.074075826921,0.0743310208127,0.0747718102619,0.0752357991559,0.0752125997112,0.0753981952688,0.0751198019324,0.0748878074854,0.0744702174809,0.0741454252551,0.0741918241445,0.0741222258104,0.074075826921,0.074075826921,0.0737278352505,0.0735190402483,0.0737974335846,0.074075826921,0.0741222258104,0.0741454252551,0.0741222258104,0.0740526274763,0.0744470180362,0.0744934169256,0.0745630152597,0.0744934169256,0.0744934169256,0.0742382230339,0.0742614224786,0.0740526274763,0.0739830291422,0.0746558130385,0.0747022119279,0.0748646080407,0.0752125997112,0.0750270041536,0.0753981952688,0.07530539749,0.0753285969347,0.0758157852734,0.0761869763885,0.0762797741673,0.076534968059,0.0762797741673,0.0764885691696,0.0766509652825,0.0762565747226,0.0761869763885,0.076302973612,0.0763261730567,0.0765813669484,0.0766973641719,0.0769061591742,0.0771149541765,0.0769757575083,0.0772541508446,0.0774165469575,0.0775557436257,0.0774165469575,0.0774861452916,0.0774165469575,0.0772077519552,0.0771381536212,0.0771613530659,0.0773237491787,0.0774165469575,0.0772773502893,0.0778109375174,0.0778573364068,0.0779501341856,0.0780661314091,0.0780893308538,0.0781125302985,0.077996533075,0.0778805358515,0.0776253419598,0.0779269347409,0.077996533075,0.0779501341856,0.0779733336303,0.0782981258561,0.0782517269667,0.078530120303,0.0786925164159,0.0789245108629,0.0791101064205,0.0790405080864,0.0790637075311,0.0795972947592,0.0795276964251,0.0798060897614,0.0803396769895,0.0803628764342,0.0801772808766,0.0800844830978,0.0801772808766,0.0804788736577,0.0805716714365,0.0805484719918,0.0803628764342,0.0801308819872,0.0806180703259,0.0809660619963,0.0812444553327,0.0814300508903,0.081917239229,0.0819868375631,0.0819636381184,0.0817780425608,0.0821028347865,0.0820100370078,0.0825204247911,0.0825436242358,0.0831236103533,0.0832396075768,0.0834716020237,0.0836339981366,0.0840979870306,0.0843067820329,0.0847939703715,0.0849563664844,0.0847707709268,0.0853971559337,0.0858611448276,0.0860931392746,0.0869283192837,0.0870443165072,0.0870443165072,0.0874851059565,0.0877866987376,0.0882738870762,0.0883202859656,0.0888770726384,0.0891090670854,0.0894802582005,0.0896426543134,0.0899674465392,0.0902690393203,0.090524233212,0.0910114215506,0.0913594132211,0.0919393993385,0.0924497871219,0.0925889837901,0.0930761721287,0.0931225710181,0.0934009643545,0.0936561582462,0.0936097593568,0.0941897454743,0.0942361443636,0.0948393299258,0.0948857288152,0.0951873215963,0.0951641221516,0.0950713243728,0.0949321277046,0.0952337204857,0.095512113822,0.0955817121561,0.0956977093796,0.0959297038266,0.0961616982736,0.09644009161,0.0958137066031,0.0962776954971,0.0963936927206,0.0966256871676,0.0967184849463,0.097205673285,0.097669662179,0.09797125496,0.0980176538494,0.0983424460752,0.0986440388563,0.0990616288609,0.0995720166442,0.0995952160889,0.0995952160889,0.0994096205313,0.0995720166442,0.0993864210866,0.0994792188654,0.0994096205313,0.0995488171995,0.0999432077594,0.100105603872,0.100430396098,0.1006391911,0.100592792211,0.100940783881,0.100662390545,0.100523193877,0.100615991656,0.100569592766,0.100360797764,0.100407196653,0.100523193877,0.1006391911,0.100314398875,0.09989680887,0.0993632216419,0.0991776260843,0.0992704238631,0.0993632216419,0.0990616288609,0.0986208394116,0.0990152299715,0.0989688310821,0.0990616288609,0.0992472244184,0.0993168227525,0.0997344127571,0.0997112133124,0.099664814423,0.0995256177548,0.0995024183101,0.0993168227525,0.0991312271949,0.0989688310821,0.0989456316374,0.0990848283055,0.0989456316374,0.0989224321927,0.0988528338586,0.0986440388563,0.098899232748,0.0989456316374,0.0986904377457,0.0987600360798,0.0989456316374,0.099200825529,0.099432819976,0.099664814423,0.099664814423,0.100105603872,0.100152002762,0.100453595543,0.100383997209,0.100383997209,0.100755188324,0.100546393322,0.100755188324,0.100523193877,0.10068558999,0.100453595543,0.100662390545,0.1006391911,0.100662390545,0.100499994432,0.10024480054,0.100221601096,0.100198401651,0.100267999985,0.100476794987,0.100569592766,0.1006391911,0.10103358166,0.10107998055,0.101103179994,0.101311974997,0.101172778328,0.101149578884,0.100755188324,0.100894384992,0.100453595543,0.100476794987,0.10068558999,0.10107998055,0.101126379439,0.101265576107,0.101613567778,0.101706365556,0.101984758893,0.101729565001,0.101868761669,0.102263152229,0.102263152229,0.10221675334,0.10221675334,0.102263152229,0.102332750563,0.102309551119,0.102263152229,0.102077556672,0.10217035445,0.101799163335,0.101613567778,0.101799163335,0.101868761669,0.101775963891,0.101497570554,0.101636767222,0.102031157782,0.102309551119,0.102332750563,0.102379149453,0.101938360003,0.102379149453,0.1026111439,0.102912736681,0.10335352613,0.103469523353,0.103399925019,0.103933512247,0.103562321132,0.103771116135,0.103863913913,0.103863913913,0.103724717245,0.103724717245,0.103399925019,0.103492722798,0.103191130017,0.103330326685,0.103678318356,0.103840714469,0.103933512247,0.103979911137,0.104165506694,0.104281503918,0.104281503918,0.104235105029,0.104513498365,0.104629495588,0.104606296144,0.105348678374,0.105441476153,0.105371877819,0.105209481706,0.105116683927,0.105255880595,0.105302279485,0.105302279485,0.105325478929,0.105603872266,0.105789467823,0.105905465047,0.106137459494,0.106717445611,0.106439052275,