# R script for Peak Model
#  -- generated by MACS
p <- c(0.0411621812896,0.0422524435263,0.0433044509478,0.0441269294772,0.0452554465293,0.046632619881,0.0476846273025,0.0487175073162,0.0496547502917,0.0504772288212,0.0517013829116,0.0527342629253,0.0538436525698,0.0549339148065,0.0560050496356,0.0570570570571,0.0580708096632,0.0593523459765,0.0604808630286,0.0613989785964,0.0624701134255,0.063522120847,0.0645932556761,0.0655304986515,0.0666781431113,0.0677492779404,0.0687056483235,0.0698532927832,0.070828790574,0.0717660335495,0.0731623343088,0.0740804498766,0.0749220558138,0.0761079550888,0.0771025802873,0.0781163328934,0.0790344484612,0.0801820929209,0.0801629655133,0.0802777299593,0.0800290736596,0.0802968573669,0.0804498766282,0.0806220232972,0.0808324247815,0.0807176603355,0.0807941699661,0.0808515521891,0.0810045714504,0.0811193358964,0.0810619536734,0.0809471892274,0.0809280618198,0.0811193358964,0.0807367877432,0.0807176603355,0.0806985329278,0.0805455136665,0.0803542395899,0.0804307492206,0.0805263862589,0.0806028958895,0.0805837684819,0.0806794055202,0.0808898070045,0.0810045714504,0.0809089344121,0.0810236988581,0.081482756642,0.0816166484956,0.0817314129416,0.0816740307186,0.0818844322029,0.0816166484956,0.081367992196,0.0811002084887,0.08125322775,0.08125322775,0.081310609973,0.081425374419,0.0812723551577,0.0811193358964,0.0811767181194,0.0809280618198,0.0810810810811,0.0812149729347,0.0809471892274,0.0809471892274,0.0808515521891,0.0808706795968,0.0809280618198,0.0806220232972,0.0802394751439,0.080009946252,0.0798760543983,0.0799143092137,0.0797039077294,0.0797039077294,0.0797995447677,0.080009946252,0.080009946252,0.0799716914367,0.080124710698,0.0799334366213,0.0798760543983,0.0801055832903,0.0797995447677,0.0799143092137,0.0801820929209,0.0798186721754,0.079723035137,0.07978041736,0.0796273980987,0.0794361240221,0.0794169966144,0.0793213595761,0.0792831047608,0.0790535758689,0.0789196840152,0.0787092825309,0.0785753906773,0.078537135862,0.0783458617854,0.07830760697,0.0782119699317,0.0778868040015,0.0780015684474,0.0779250588168,0.0777529121478,0.0774277462176,0.0773321091792,0.0774086188099,0.0772364721409,0.0770834528796,0.0772938543639,0.077064325472,0.0767582869494,0.0768730513953,0.0768156691724,0.0765096306498,0.0762227195348,0.0761653373118,0.0763374839808,0.0763948662038,0.0761270824965,0.0760505728659,0.0760888276812,0.0761270824965,0.0759549358275,0.0762227195348,0.0762801017578,0.0761270824965,0.0758975536046,0.0758975536046,0.0758592987892,0.0758784261969,0.0760505728659,0.0757062795279,0.0756488973049,0.0760505728659,0.0760123180505,0.0761844647195,0.0763948662038,0.0761653373118,0.0762227195348,0.0761270824965,0.0760123180505,0.0761079550888,0.0764331210191,0.0764139936114,0.0765670128727,0.076892178803,0.076949561026,0.0768730513953,0.0768156691724,0.0765861402804,0.0764713758344,0.0762801017578,0.0763757387961,0.0765096306498,0.07683479658,0.0766626499111,0.0766243950957,0.07683479658,0.0767391595417,0.076949561026,0.0772364721409,0.0772173447333,0.0776381477018,0.0778676765938,0.0777720395555,0.0775616380712,0.0776190202942,0.0774851284405,0.0773703639946,0.0773703639946,0.0771408351026,0.0772938543639,0.0773512365869,0.0774277462176,0.0772364721409,0.0775998928865,0.0774277462176,0.0776190202942,0.0777529121478,0.0780015684474,0.0782310973394,0.0785180084543,0.0784414988237,0.0785753906773,0.0783267343777,0.078479753639,0.0785753906773,0.07830760697,0.0783841166007,0.0783267343777,0.0781928425241,0.0782310973394,0.0781163328934,0.0779250588168,0.0780206958551,0.0783458617854,0.0782310973394,0.0779250588168,0.0781354603011,0.0781354603011,0.0782693521547,0.07830760697,0.078364989193,0.0782884795624,0.07830760697,0.0785562632696,0.0785753906773,0.0786327729003,0.0785562632696,0.078422371416,0.0784606262313,0.078250224747,0.0784414988237,0.0787475373463,0.0787475373463,0.0789196840152,0.0789196840152,0.0791300854995,0.0794361240221,0.0794743788374,0.0795126336528,0.0793213595761,0.0796273980987,0.080067328475,0.0799143092137,0.0801438381056,0.0803924944052,0.0806028958895,0.0807559151508,0.0806985329278,0.0805646410742,0.0805455136665,0.0805263862589,0.0803159847746,0.0805646410742,0.0805072588512,0.0804690040359,0.0805455136665,0.0806602781125,0.0807941699661,0.0810428262658,0.0818270499799,0.0821139610949,0.0823817448021,0.0824391270251,0.0825347640634,0.0827260381401,0.082783420363,0.0829173122167,0.0832042233316,0.0837206633385,0.0837397907462,0.0838163003768,0.0837971729691,0.0838928100075,0.0837397907462,0.0839119374151,0.0837971729691,0.0841988485301,0.0842753581607,0.0848109255753,0.0851360915055,0.0856907863277,0.0863411181883,0.0865132648572,0.0867619211568,0.0872018515331,0.087316615979,0.0877182915399,0.0880625848779,0.0886364071077,0.0885790248848,0.0890380826687,0.0892867389683,0.0894971404526,0.0894015034142,0.0894015034142,0.0898605611981,0.0898605611981,0.0900900900901,0.0902048545361,0.0902813641667,0.0903578737974,0.0905300204663,0.0908360589889,0.0909890782502,0.0913333715881,0.0916967923337,0.0916776649261,0.091964576041,0.0921558501176,0.0925575256785,0.0932269849467,0.093552150877,0.0937051701383,0.0936286605076,0.0936860427306,0.0938390619919,0.0936860427306,0.0938008071766,0.0939729538456,0.0941451005145,0.0942024827375,0.0944893938525,0.0944511390371,0.0949293242287,0.0950632160823,0.0953501271973,0.0956561657199,0.0960960960961,0.0962873701727,0.0967081731413,0.0970907212945,0.0972819953712,0.0973585050018,0.0973202501865,0.0972819953712,0.0967655553643,0.0969568294409,0.0972819953712,0.0977601805627,0.0979897094547,0.09802796427,0.09802796427,0.0984678946462,0.0986017864999,0.0985252768692,0.0985444042769,0.0990034620608,0.0990608442838,0.0993477553987,0.0997111761443,0.0998450679979,0.100227616151,0.100131979113,0.100342380597,0.100189361336,0.100342380597,0.100131979113,0.0999598324439,0.100227616151,0.100342380597,0.100457145043,0.100686673935,0.100571909489,0.100495399858,0.100131979113,0.100304125782,0.100457145043,0.100629291712,0.100571909489,0.100629291712,0.100667546527,0.100476272451,0.100610164304,0.100705801343,0.100705801343,0.100858820604,0.100916202827,0.101145731719,0.100897075419,0.101126604311,0.101011839865,0.100801438381,0.100552782081,0.100763183566,0.100820565789,0.100323253189,0.0999598324439,0.100017214667,0.0998259405903,0.100418890228,0.100476272451,0.100782310973,0.101069222088,0.100897075419,0.101432642834,0.101375260611,0.101566534688,0.10179606358,0.101929955433,0.101432642834,0.101183986534,0.101260496165,0.101356133203,0.101470897649,0.101394388019,0.101413515426,0.101030967273,0.101164859127,0.101030967273,0.101088349496,0.101183986534,0.101470897649,0.100935330235,0.100571909489,0.100093724298,0.10007459689,0.100380635412,0.100552782081,0.100227616151,0.100552782081,0.100763183566,0.100782310973,0.100763183566,0.100476272451,0.10064841912,0.100667546527,0.100629291712,0.100170233928,0.100361508005,0.100265870967,0.100457145043,0.100476272451,0.100304125782,0.10007459689,0.0999407050362,0.0998450679979,0.0998068131826,0.0998833228133,0.100036342075,0.0999407050362,0.100189361336,0.0999789598516,0.0998833228133,0.0997685583673,0.0997876857749,0.0999024502209,0.100017214667,0.100189361336,0.100055469482,0.0998641954056,0.100151106521,0.10039976282,0.100782310973,0.100782310973,0.101069222088,0.100954457642,0.100801438381,0.101088349496,0.101337005796,0.101203113942,0.101203113942,0.101700426541,0.101700426541,0.101891700618,0.102178611733,0.101929955433,0.101949082841,0.101815190987,0.101776936172,0.101815190987,0.101509152465,0.101566534688,0.101375260611,0.101260496165,0.101317878388,0.101509152465,0.101853445802,0.101853445802,0.101910828025,0.101815190987,0.101757808764,0.101337005796,0.101853445802,0.102216866548,0.102369885809,0.10219773914,0.102369885809,0.102235993956,0.102675924332,0.103096727301,0.103689676938,0.103995715461,0.103995715461,0.10416786213,0.10449302806,0.104091352499,0.10416786213,0.104569537691,0.104531282875,0.105105105105,