# R script for Peak Model
#  -- generated by MACS
p <- c(0.0385930158431,0.0398413074606,0.0407428514067,0.041835106572,0.0427886626688,0.0436728692312,0.0446784374787,0.0455626440411,0.0465162001379,0.0474004067003,0.0483019506464,0.0492728441267,0.0502090628399,0.0513186553888,0.0524282479378,0.0537632264732,0.05471678257,0.055618326516,0.0567452564485,0.0578375116139,0.0589297667792,0.0600913714789,0.0609755780414,0.0620504958232,0.0632814500572,0.0642176687703,0.0653272613193,0.066280817416,0.067390409965,0.0683439660617,0.0693842090764,0.0704938016253,0.0716380689414,0.0726436371889,0.0737185549707,0.0747761353689,0.075920402685,0.0769606456996,0.0768392840146,0.0767179223296,0.0767352597131,0.0769086335489,0.0770820073847,0.0773594055219,0.0772207064533,0.0771686943026,0.0771686943026,0.0770646700011,0.0772553812205,0.077029995234,0.0766659101788,0.0765618858774,0.0764231868087,0.0765618858774,0.0765618858774,0.0767352597131,0.076700584946,0.0767525970967,0.0767699344803,0.0769259709325,0.0773767429055,0.0772900559876,0.0770473326175,0.0773940802891,0.0774981045905,0.0774460924398,0.0773247307548,0.0775154419741,0.0776888158099,0.0775847915084,0.0777581653442,0.0776888158099,0.0775154419741,0.0773420681383,0.0774634298234,0.0774114176727,0.0771860316861,0.0771166821518,0.0771686943026,0.0769606456996,0.0768912961653,0.0769433083161,0.0770646700011,0.0773594055219,0.0772207064533,0.0772900559876,0.0773594055219,0.0773420681383,0.077723490577,0.0776541410427,0.077602128892,0.0770993447683,0.0771166821518,0.0771166821518,0.0771860316861,0.0771340195354,0.0769779830832,0.077029995234,0.0772380438369,0.077272718604,0.0771340195354,0.0772900559876,0.0771340195354,0.077151356919,0.0769779830832,0.0769953204668,0.0769086335489,0.0769779830832,0.0767525970967,0.0769086335489,0.0768912961653,0.0769779830832,0.0771166821518,0.0771860316861,0.077602128892,0.077723490577,0.0776541410427,0.0773420681383,0.0773073933712,0.0769953204668,0.0772207064533,0.0772207064533,0.0773940802891,0.0777408279606,0.0778275148785,0.078052900865,0.0784343233037,0.0783996485366,0.078382311153,0.0783129616187,0.0782609494679,0.0780702382486,0.0782089373172,0.0780008887143,0.0781915999336,0.0781742625501,0.077723490577,0.07793153918,0.0781915999336,0.0777755027278,0.0778968644128,0.0778101774949,0.0779488765636,0.0780875756322,0.078382311153,0.0782262747008,0.0782262747008,0.0783476363858,0.0784516606873,0.0785210102216,0.0787290588245,0.0787984083588,0.0791451560304,0.0789371074275,0.0789717821946,0.0790758064961,0.0791451560304,0.0790931438797,0.0791451560304,0.0790064569618,0.0792318429483,0.0792145055647,0.0794225541676,0.0795092410855,0.0793878794005,0.079405216784,0.0793532046333,0.079405216784,0.0794398915512,0.0797172896884,0.0796999523049,0.0796306027705,0.0798039766063,0.0796826149213,0.0796479401541,0.0795785906198,0.0796826149213,0.0798039766063,0.0797172896884,0.079734627072,0.0799426756749,0.0799080009078,0.0795439158527,0.0794572289348,0.0796306027705,0.0795092410855,0.0797519644556,0.0794919037019,0.0792491803318,0.0790584691125,0.0789024326603,0.0789197700439,0.0788850952767,0.0790931438797,0.0792318429483,0.0793532046333,0.079162493414,0.0793532046333,0.0794398915512,0.0793185298662,0.079283855099,0.0793185298662,0.0789024326603,0.0788504205096,0.0788677578931,0.0790758064961,0.079162493414,0.0791971681811,0.0793011924826,0.0793358672497,0.0791278186468,0.0789371074275,0.0789891195782,0.0791104812632,0.0791278186468,0.0791971681811,0.0788677578931,0.0789024326603,0.0789024326603,0.078711721441,0.0784169859201,0.0786250345231,0.0785210102216,0.0784343233037,0.0782609494679,0.0783996485366,0.0781569251665,0.0782956242351,0.0782782868515,0.0784863354544,0.078711721441,0.0786423719066,0.0786423719066,0.0789024326603,0.078711721441,0.0786770466738,0.0785903597559,0.0788157457424,0.0786943840574,0.0786770466738,0.0786250345231,0.0786423719066,0.0786943840574,0.0787637335917,0.0786597092902,0.0784863354544,0.078382311153,0.0787637335917,0.0787290588245,0.0786076971395,0.0788504205096,0.0790584691125,0.0791278186468,0.0790758064961,0.0793011924826,0.0792491803318,0.0793358672497,0.0795092410855,0.0801507242779,0.0801507242779,0.0803414354972,0.0804627971823,0.0804107850315,0.0808268822374,0.0808095448538,0.080965581306,0.0809482439224,0.081086942991,0.0815550523476,0.0816417392655,0.0820231617042,0.0819538121699,0.0820751738549,0.0819711495535,0.0819191374028,0.0820231617042,0.0821618607728,0.0824739336772,0.0829247056502,0.0833754776232,0.0835835262262,0.0835661888426,0.0837222252948,0.0838262495963,0.0837569000619,0.0841383225006,0.0844850701722,0.0849531795288,0.0851438907481,0.0852132402824,0.0852479150496,0.0854039515018,0.086010759927,0.086340170215,0.086582893585,0.0867736048044,0.0868949664894,0.087241714161,0.0876578113668,0.0879525468877,0.088143258107,0.0884379936278,0.0887847412994,0.0890274646694,0.0891488263545,0.0890274646694,0.0890794768202,0.0892875254231,0.0896169357111,0.0896689478618,0.0899290086155,0.0903624432049,0.0907438656436,0.0907438656436,0.0909345768629,0.0913333366852,0.0914026862195,0.091836120809,0.0919921572612,0.0925642909192,0.0927723395221,0.0929977255086,0.0931017498101,0.0925989656864,0.0929283759743,0.0932231114952,0.0933444731802,0.0935525217831,0.0932924610295,0.0935005096324,0.0940032937561,0.0945060778799,0.094419390962,0.0945754274142,0.0946274395649,0.0948354881678,0.0951822358394,0.0953902844423,0.0955636582781,0.095771706881,0.0962571536212,0.0964825396077,0.0967079255942,0.0969159741971,0.0967599377449,0.0968639620464,0.0967252629778,0.0970720106493,0.0972627218687,0.0975227826223,0.097782843376,0.097782843376,0.0978695302939,0.0978868676774,0.0979215424446,0.0979735545953,0.0979388798282,0.0980602415132,0.0985456882534,0.0984936761027,0.0987710742399,0.0988230863906,0.0988750985414,0.0986150377877,0.0985803630205,0.0986323751713,0.0988577611578,0.0991524966786,0.0992045088293,0.0991524966786,0.0992045088293,0.0992565209801,0.0993952200487,0.0996032686516,0.0994819069666,0.0992911957472,0.0997246303366,0.0996379434188,0.0997072929531,0.099585931268,0.0997593051038,0.0999846910903,0.100158064926,0.100435463063,0.100539487365,0.10066084905,0.100955584571,0.100747535968,0.100764873351,0.100782210735,0.100834222886,0.100712861201,0.100816885502,0.101163633174,0.101302332242,0.101059608872,0.101111621023,0.101406356544,0.101562392996,0.102134526654,0.101926478051,0.102134526654,0.102047839736,0.102082514503,0.102411924791,0.102498611709,0.10211718927,0.10211718927,0.102169201421,0.102429262175,0.102585298627,0.10255062386,0.102377250024,0.10230790049,0.102151864037,0.101787778982,0.101614405147,0.101649079914,0.101683754681,0.101666417297,0.101493043462,0.101614405147,0.101337007009,0.101406356544,0.101423693927,0.101371681776,0.101180970557,0.101319669626,0.101302332242,0.101562392996,0.101319669626,0.101163633174,0.101250320091,0.101284994859,0.10090357242,0.100990259338,0.100920909803,0.10066084905,0.100244751844,0.10022741446,0.100383450913,0.100123390159,0.100088715392,0.100071378008,0.0999673537067,0.0997766424874,0.0998286546381,0.0997246303366,0.0996726181859,0.0994819069666,0.0998286546381,0.100088715392,0.0996899555695,0.0998980041724,0.0999326789396,0.100019365857,0.0998459920217,0.0997593051038,0.0995685938844,0.0995339191173,0.0992738583636,0.099135159295,0.098805749007,0.0990658097607,0.098684387322,0.0989444480757,0.0987884116235,0.0989791228428,0.0989617854592,0.0982509527326,0.0983376396505,0.0985803630205,0.0988924359249,0.0988404237742,0.0989617854592,0.0989444480757,0.0990484723771,0.0989097733085,0.0989097733085,0.0990311349935,0.0990831471443,0.0991178219114,0.0993432078979,0.0991178219114,0.0992738583636,0.0991698340622,0.0990831471443,0.0992565209801,0.0993432078979,0.0994125574323,0.0996726181859,0.100210077077,0.100331438762,0.100678186433,0.101024934105,0.101232982708,0.101891803284,0.102169201421,0.102654648161,0.102619973394,0.102828021997,0.103088082751,0.103677553792,0.103989626697,