# R script for Peak Model
#  -- generated by MACS
p <- c(0.0404599008061,0.0411859349152,0.0419779721251,0.0430120207047,0.0443980858221,0.0454981375025,0.0463341767796,0.0474122274264,0.0484242749724,0.0495903297537,0.0505803762661,0.0517904331145,0.0527804796269,0.0538365292401,0.0548485767861,0.0559926305338,0.0571146832478,0.0577747142561,0.0588747659365,0.0597108052136,0.060700851726,0.0617569013392,0.0627469478516,0.0637149933304,0.06474904191,0.065871094624,0.0670591504389,0.0680491969513,0.0691272475981,0.0699412858416,0.0707553240851,0.0716133643959,0.072955427446,0.07407748016,0.0750015235716,0.0763435866217,0.0771796258988,0.0780596672432,0.0780596672432,0.0785436899826,0.0785436899826,0.0784556858481,0.0783676817137,0.0784776868817,0.0784336848145,0.0784776868817,0.0781476713776,0.0778176558735,0.0778396569071,0.0779716631087,0.0780596672432,0.0782136744784,0.0781476713776,0.0783016786129,0.0783016786129,0.0783896827473,0.0782796775793,0.0784336848145,0.0784116837809,0.0782576765456,0.0783676817137,0.0784116837809,0.0780596672432,0.0778836589743,0.0777956548399,0.0778616579407,0.0779056600079,0.077729651739,0.0776856496718,0.0778616579407,0.0779276610415,0.0775756445038,0.0779276610415,0.0781916734448,0.0784336848145,0.0781916734448,0.0779936641423,0.0781036693104,0.0784996879153,0.0783456806801,0.0779936641423,0.077729651739,0.0780816682768,0.0780596672432,0.0781916734448,0.0778176558735,0.0778176558735,0.077509641403,0.077509641403,0.0774436383021,0.0774656393357,0.0772676300333,0.0770256186636,0.0773776352013,0.0770696207308,0.077113622798,0.0774436383021,0.0777516527726,0.078125670344,0.078235675512,0.0780596672432,0.0778176558735,0.0774436383021,0.0773556341677,0.0770696207308,0.0772676300333,0.0774656393357,0.0776636486382,0.0773336331341,0.077223627966,0.0772456289997,0.0769816165963,0.0769816165963,0.0770696207308,0.0770256186636,0.0765635969578,0.0767616062603,0.0768936124619,0.0770476196972,0.0769376145291,0.0766736021258,0.0763435866217,0.0764755928234,0.0769376145291,0.0766516010922,0.0766296000586,0.0763655876553,0.0759695690504,0.0758595638823,0.0757935607815,0.0756615545798,0.0756615545798,0.0759695690504,0.0758375628487,0.0758815649159,0.0760795742184,0.076101575252,0.0756835556134,0.0758155618151,0.0758155618151,0.0755735504454,0.0753315390757,0.0753535401093,0.0751115287396,0.0751995328741,0.0750235246052,0.0749355204708,0.0752655359749,0.074979522538,0.0748915184035,0.0746275060002,0.0748915184035,0.0749355204708,0.0752655359749,0.0750015235716,0.0750675266724,0.0753535401093,0.0754415442437,0.0757275576807,0.0756395535462,0.075595551479,0.0758815649159,0.0758815649159,0.0764095897225,0.076497593857,0.0767396052267,0.0769156134955,0.0769376145291,0.0771576248652,0.0775316424366,0.0775976455374,0.0779936641423,0.0777736538063,0.0774436383021,0.0772016269324,0.0770696207308,0.0769156134955,0.0770916217644,0.0770696207308,0.0772456289997,0.0774216372685,0.0774436383021,0.0773336331341,0.0771576248652,0.0772016269324,0.0769596155627,0.0769816165963,0.0768716114283,0.0770696207308,0.0771576248652,0.0773116321005,0.0772676300333,0.0774216372685,0.077223627966,0.0771576248652,0.0770696207308,0.0772456289997,0.0775316424366,0.0773556341677,0.0772016269324,0.0772456289997,0.0768056083275,0.0769156134955,0.0772456289997,0.0774436383021,0.0775756445038,0.0776856496718,0.0773116321005,0.0771356238316,0.0773776352013,0.0771356238316,0.0769816165963,0.0768496103947,0.0769156134955,0.0768936124619,0.0770696207308,0.0770696207308,0.0772016269324,0.077113622798,0.0774216372685,0.0769156134955,0.0768936124619,0.0770916217644,0.0768276093611,0.0769156134955,0.0766736021258,0.0770696207308,0.077113622798,0.0772896310669,0.0773556341677,0.0772896310669,0.0772016269324,0.0769376145291,0.0768056083275,0.0764315907561,0.0764095897225,0.0763875886889,0.0761675783528,0.0763655876553,0.0760355721512,0.0761895793864,0.0761235762856,0.0757275576807,0.0758815649159,0.0757495587143,0.0756615545798,0.0758815649159,0.0756395535462,0.0758375628487,0.0758815649159,0.0759695690504,0.0760575731848,0.0763875886889,0.076607599025,0.0769596155627,0.0768056083275,0.0769376145291,0.0767616062603,0.077223627966,0.0774436383021,0.0777736538063,0.078125670344,0.078741699285,0.0790277127219,0.0793357271925,0.0797097447638,0.0796877437302,0.0800177592343,0.0801277644024,0.0803257737048,0.0804357788729,0.0805677850745,0.0808097964442,0.0812278160828,0.0816238346878,0.0816458357214,0.0823058667296,0.0827678884354,0.082789889469,0.0830319008387,0.0831419060067,0.0830759029059,0.0833399153092,0.083691931847,0.0838679401158,0.0839339432167,0.08419795562,0.0843739638888,0.0845499721577,0.0850559959307,0.0853640104012,0.0854520145356,0.0860240414095,0.0861120455439,0.08633205588,0.0864200600144,0.0869040827538,0.0875421127285,0.0880041344342,0.0884441551064,0.0887081675097,0.0891261871483,0.0891921902491,0.0892581933499,0.0895222057532,0.0898082191901,0.0901162336607,0.0908642688033,0.0911282812067,0.0919863215174,0.092118327719,0.0924043411559,0.0928443618281,0.0934383897355,0.09352639387,0.0938124073069,0.0940544186766,0.0941644238446,0.0945604424496,0.0947804527857,0.0951984724242,0.0952864765587,0.0955284879284,0.0956164920628,0.0959245065333,0.096056512735,0.0961445168694,0.0961885189366,0.0963205251383,0.096562536508,0.0967165437432,0.0969365540793,0.0972225675162,0.0979045995581,0.0975965850876,0.097684589222,0.0974645788859,0.0977065902556,0.0973105716507,0.0974865799195,0.0977505923228,0.0975965850876,0.09779459439,0.0982346150622,0.0982566160958,0.0986526347008,0.0990266522721,0.0990266522721,0.0992686636418,0.0991366574402,0.0992246615746,0.099312665709,0.0992466626082,0.0994226708771,0.0996206801796,0.0996866832804,0.0999066936165,0.100126703953,0.100258710154,0.100610726692,0.100786734961,0.100830737028,0.101314759767,0.101204754599,0.101248756667,0.101776781473,0.101732779406,0.102260804213,0.102216802145,0.102194801112,0.102326807313,0.102524816616,0.102238803179,0.102326807313,0.101952789742,0.101996791809,0.102326807313,0.102458813515,0.102744826952,0.10285483212,0.102964837288,0.102568818683,0.102788829019,0.10230480628,0.102194801112,0.101908787675,0.10206279491,0.102150799045,0.10206279491,0.102106796977,0.102128798011,0.102238803179,0.102260804213,0.102172800078,0.102634821784,0.102722825918,0.102480814549,0.102326807313,0.102216802145,0.102546817649,0.102502815582,0.102810830053,0.102590819717,0.10309684349,0.103448860027,0.103426858994,0.103690871397,0.103910881733,0.103910881733,0.103976884834,0.104350902405,0.104658916876,0.104702918943,0.104944930313,0.104966931346,0.10468091791,0.104394904473,0.104460907573,0.104284899305,0.104020886901,0.104218896204,0.1038888807,0.103448860027,0.103734873464,0.103690871397,0.103712872431,0.103580866229,0.103558865195,0.103536864162,0.103492862095,0.103316853826,0.103294852792,0.102810830053,0.10261282075,0.102656822818,0.102502815582,0.102194801112,0.102282805246,0.102040793876,0.102480814549,0.102986838322,0.10261282075,0.102590819717,0.102392810414,0.102128798011,0.102458813515,0.10230480628,0.102040793876,0.102128798011,0.102106796977,0.102216802145,0.102260804213,0.102128798011,0.102238803179,0.102458813515,0.102370809381,0.102216802145,0.102546817649,0.102546817649,0.102436812481,0.102480814549,0.102524816616,0.102414811448,0.102458813515,0.102370809381,0.102524816616,0.102590819717,0.102084795944,0.102018792843,0.102084795944,0.10182078354,0.102106796977,0.102326807313,0.102502815582,0.102568818683,0.102150799045,0.101908787675,0.101930788708,0.102194801112,0.10206279491,0.102150799045,0.102084795944,0.101996791809,0.101886786641,0.10206279491,0.101666776305,0.10151276907,0.101314759767,0.101578772171,0.101402763902,0.101666776305,0.10206279491,0.101886786641,0.102084795944,0.102700824885,0.102986838322,0.102788829019,0.103052841422,0.103448860027,0.103580866229,0.103734873464,0.104064888968,0.104460907573,0.104548911708,0.104812924111,0.105164940649,0.105494956153,0.105736967523,0.106176988195,