# R script for Peak Model
#  -- generated by MACS
p <- c(0.0404903688662,0.0416262025902,0.0428461721457,0.0438768360805,0.0450126698045,0.0460643676971,0.0471581335055,0.0481677634824,0.0494929028271,0.0505446007197,0.0515752646545,0.0523955890108,0.053363151072,0.0544358829225,0.0555296487308,0.0566234145391,0.0571702974433,0.0580116557574,0.0591264555236,0.0601360855005,0.0611246815196,0.0621974133701,0.0630177377263,0.0640063337454,0.0651842353851,0.0662148993199,0.0674138349175,0.0684655328101,0.0695592986185,0.0707161663004,0.071915101898,0.0728826639592,0.0741657353882,0.0753646709858,0.0767108442883,0.0778887459281,0.0786880363265,0.079613530472,0.0796976663034,0.0795714625563,0.0792769871464,0.0792980211042,0.0789825117364,0.0789614777786,0.0790666475678,0.0790876815257,0.07904561361,0.0790035456943,0.0792349192307,0.0789614777786,0.078898375905,0.0791087154835,0.0791718173571,0.0793611229778,0.0796766323456,0.0796345644299,0.0796766323456,0.079760768177,0.0801393794183,0.0798449040084,0.079466292767,0.0794452588092,0.07904561361,0.0788142400736,0.078898375905,0.0788563079893,0.0788352740315,0.0789404438207,0.078898375905,0.0792559531885,0.0793400890199,0.0789404438207,0.0786880363265,0.0783935609166,0.0785197646637,0.0786249344529,0.0785828665372,0.0785407986215,0.0782673571694,0.0784145948744,0.0782883911273,0.0781621873802,0.0779728817595,0.0779518478016,0.0774470328132,0.0773418630239,0.0774891007289,0.0779097798859,0.0782042552959,0.0782673571694,0.0782883911273,0.0782883911273,0.0790876815257,0.0791718173571,0.0792349192307,0.0792769871464,0.0793821569356,0.0794452588092,0.0798659379662,0.0799500737976,0.0798028360927,0.0796766323456,0.079613530472,0.0794031908935,0.0792559531885,0.0793190550621,0.0792980211042,0.0794031908935,0.0792138852728,0.0789614777786,0.0787090702843,0.0786249344529,0.0790035456943,0.0791718173571,0.0792349192307,0.07904561361,0.0790245796521,0.0791087154835,0.0794242248513,0.0792559531885,0.0791928513149,0.0793611229778,0.079466292767,0.0798238700505,0.079760768177,0.0800762775448,0.0798238700505,0.0797187002613,0.0796345644299,0.0796345644299,0.0797818021348,0.0797818021348,0.079613530472,0.0796976663034,0.0795293946406,0.0795714625563,0.0797818021348,0.0796555983877,0.0800342096291,0.0801183454605,0.0802445492076,0.0802235152497,0.0804548887861,0.0805810925332,0.0806862623225,0.0802024812919,0.0804548887861,0.0806441944068,0.080896601901,0.080896601901,0.0805600585754,0.0803076510811,0.080328685039,0.080181447334,0.0803076510811,0.0801393794183,0.0799711077555,0.0803076510811,0.0804128208704,0.0803917869125,0.0806231604489,0.080749364196,0.0805810925332,0.0806021264911,0.0803917869125,0.0805179906597,0.0804128208704,0.0803076510811,0.0799080058819,0.0799080058819,0.0799500737976,0.0798869719241,0.0798659379662,0.0797187002613,0.0795924965141,0.0794452588092,0.0792349192307,0.0793400890199,0.0793611229778,0.0794873267249,0.0793190550621,0.0794452588092,0.0795083606827,0.0795293946406,0.0794452588092,0.0796345644299,0.0794242248513,0.0791928513149,0.0792349192307,0.0791087154835,0.0787932061157,0.0790876815257,0.0790666475678,0.0789614777786,0.0788773419472,0.0788773419472,0.0788142400736,0.0784356288323,0.0783725269587,0.0786249344529,0.0784566627901,0.0782252892537,0.0782463232116,0.0783514930008,0.0783935609166,0.0780359836331,0.0778256440545,0.0779728817595,0.0779728817595,0.0780570175909,0.0779939157174,0.0777204742653,0.0774891007289,0.077468066771,0.077468066771,0.0775732365603,0.0772997951082,0.0775311686446,0.0773418630239,0.0768791159512,0.0769632517826,0.0772366932347,0.076752912204,0.0768791159512,0.0767949801198,0.0771735913611,0.0775101346867,0.0778046100967,0.0779728817595,0.0780149496752,0.0782673571694,0.0787511382,0.0787932061157,0.0784356288323,0.078477696748,0.0786249344529,0.0785828665372,0.0785618325794,0.0785618325794,0.0782042552959,0.0781621873802,0.0779939157174,0.0779097798859,0.0781201194645,0.0780990855066,0.0782042552959,0.0779728817595,0.0778677119702,0.0776784063496,0.0779518478016,0.0777835761388,0.0776784063496,0.077762542181,0.0777204742653,0.0778046100967,0.0780570175909,0.0784356288323,0.0782042552959,0.0778466780124,0.0778046100967,0.0777415082231,0.0778256440545,0.0779097798859,0.0782883911273,0.078330459043,0.0785828665372,0.0789194098629,0.07904561361,0.0793400890199,0.079613530472,0.0796555983877,0.0802024812919,0.0802024812919,0.0808755679432,0.081043839606,0.0809386698167,0.080896601901,0.0809176358589,0.0813803829316,0.0814224508473,0.0816958922994,0.0820955374986,0.082326911035,0.0827265562342,0.0830210316441,0.0831682693491,0.0832313712226,0.0835468805904,0.0837992880847,0.0842199672417,0.0847037482723,0.0849771897244,0.0857133782492,0.0857764801228,0.0859657857435,0.0864916346898,0.0865126686476,0.0867019742683,0.0872278232146,0.0874171288353,0.0879219438238,0.0878167740345,0.0880691815287,0.0882795211073,0.0887212342222,0.0888474379693,0.0889526077585,0.0889736417164,0.0891419133792,0.0896677623255,0.0898991358619,0.090172577314,0.0903618829347,0.0907615281339,0.0910139356281,0.0915397845744,0.0922970070571,0.0924232108042,0.0930542295398,0.093453874739,0.0936642143175,0.094021791601,0.0942741990952,0.0946738442944,0.0950734894936,0.0951786592829,0.0954941686507,0.0960410515549,0.0965669005012,0.0969244777847,0.0972399871525,0.0969665457004,0.097450326731,0.0973872248574,0.0978499719302,0.0980392775509,0.0982916850451,0.0981865152558,0.0983337529608,0.0986071944129,0.0987754660757,0.0989647716964,0.0991330433592,0.0992171791906,0.0992171791906,0.0992592471063,0.0993433829377,0.0993223489799,0.0998271639683,0.0995747564741,0.0997640620948,0.100079571463,0.100647488325,0.100815759987,0.100878861861,0.101215405187,0.101173337271,0.101488846639,0.101699186217,0.101530914554,0.101530914554,0.101404710807,0.101720220175,0.102014695585,0.101909525796,0.101846423922,0.101699186217,0.101551948512,0.101194371229,0.101341608934,0.101236439144,0.101320574976,0.101509880597,0.101362642892,0.101257473102,0.101005065608,0.100752658114,0.100899895819,0.100941963735,0.100899895819,0.100563352493,0.10068955624,0.10050025062,0.100247843125,0.100521284577,0.100458182704,0.100374046872,0.100184741252,0.100289911041,0.10050025062,0.100521284577,0.100437148746,0.0999744016733,0.100121639378,0.0998481979262,0.099448552727,0.0997430281369,0.0995326885584,0.0998061300105,0.0996799262634,0.0995537225162,0.0993854508534,0.0997640620948,0.0995957904319,0.099154077317,0.0988596019071,0.0983547869186,0.0985651264972,0.0984809906658,0.0987544321178,0.0986492623286,0.0985230585815,0.0984389227501,0.0986702962864,0.0987754660757,0.0985651264972,0.0983758208765,0.098586160455,0.0985651264972,0.098586160455,0.0986282283707,0.0986282283707,0.0989647716964,0.0990699414856,0.0990278735699,0.0990278735699,0.0987544321178,0.0984178887922,0.0981234133823,0.0983758208765,0.0983547869186,0.0980813454666,0.0981444473401,0.0980813454666,0.097871005888,0.0980813454666,0.0979551417194,0.0982285831715,0.0980603115087,0.098165481298,0.0982916850451,0.0983337529608,0.0980813454666,0.0981444473401,0.0982496171294,0.0981023794244,0.0982075492137,0.0979761756773,0.0979972096352,0.0981234133823,0.0981865152558,0.0984809906658,0.0984809906658,0.0987123642021,0.0986492623286,0.0986071944129,0.0987965000335,0.0989647716964,0.0987965000335,0.09873339816,0.0989647716964,0.0989647716964,0.0991120094013,0.0993644168956,0.0993223489799,0.0991120094013,0.0992592471063,0.0993223489799,0.0993644168956,0.0992171791906,0.0989858056542,0.0993854508534,0.0992171791906,0.0994906206427,0.0996378583477,0.0998902658419,0.100184741252,0.100521284577,0.100353012915,0.100479216662,0.100626454367,0.101152303313,0.101173337271,0.101404710807,0.101173337271,0.101236439144,0.101341608934,0.101804356006,0.101993661627,0.101636084344,0.102077797459,0.102246069121,0.102288137037,0.102372272868,0.102330204953,0.102582612447,0.10275088411,0.102729850152,0.103024325562,0.103024325562,0.103024325562,0.103297767014,0.103718446171,0.104033955539,