# R script for Peak Model
#  -- generated by MACS
p <- c(0.0303793379263,0.0311525676812,0.0318227001355,0.0324756497063,0.0333691596453,0.0340221092161,0.0347094245538,0.0355170200756,0.0365308101987,0.0374930516715,0.0384896589112,0.0394347175005,0.0403282274395,0.0411701887282,0.042132430201,0.0429056599559,0.0437991698949,0.0445895825333,0.0452253492206,0.0459470303252,0.0467202600801,0.0474075754178,0.0481808051727,0.0488853033939,0.0494695214309,0.0501396538852,0.0510331638242,0.0519438566466,0.0527686350519,0.0537996080584,0.0545556549299,0.055260153151,0.0560505657894,0.0569440757284,0.0578891343177,0.0587654613733,0.0596417884289,0.06034628665,0.0602603722328,0.0604150181838,0.0604837497176,0.0605352983679,0.0608617731533,0.0609133218036,0.0609648704539,0.0607930416195,0.0611366992884,0.0612054308221,0.0611882479387,0.061703734442,0.0619614776936,0.0618411975095,0.061703734442,0.0616521857916,0.0615662713744,0.0616865515585,0.0617896488592,0.0620989407612,0.0623910497797,0.0623051353625,0.0623223182459,0.0624941470803,0.0624254155466,0.0625800614975,0.0626487930313,0.0627690732154,0.0628034389823,0.0628549876326,0.0627175245651,0.0628721705161,0.0628034389823,0.0628378047492,0.0628893533995,0.0630096335836,0.0629065362829,0.0627690732154,0.0627347074485,0.0628206218657,0.0628893533995,0.0631642795346,0.0632330110684,0.063336108369,0.0636110345041,0.06349075432,0.0634735714365,0.0634735714365,0.0633704741359,0.0633189254856,0.0633017426021,0.0632501939518,0.0629924507002,0.0631986453015,0.063181462418,0.0634220227862,0.0635938516206,0.0635938516206,0.0636282173875,0.0636797660379,0.0637141318047,0.0639890579398,0.0642811669583,0.0644873615597,0.0645732759769,0.0646591903941,0.0648653849954,0.0647622876947,0.0646248246272,0.0649169336457,0.0649856651795,0.0650028480629,0.0648997507623,0.0649169336457,0.0649341165292,0.0650887624801,0.0653465057318,0.0655011516828,0.0655870661,0.0658963580019,0.0658791751185,0.0658448093516,0.0658448093516,0.0660853697198,0.0659307237688,0.0661025526032,0.0660853697198,0.0657760778178,0.0656214318669,0.0657932607013,0.0658791751185,0.066016638186,0.066171284137,0.0657073462841,0.0658619922351,0.0658791751185,0.0657073462841,0.0661884670205,0.0664977589224,0.0665493075728,0.06663522199,0.0666008562231,0.0666180391065,0.0664462102721,0.0669445138919,0.0668242337078,0.0669960625423,0.0672022571436,0.0673912688614,0.0673569030946,0.0677692922972,0.0678895724813,0.0681301328495,0.0685081562852,0.0685597049355,0.0688174481872,0.0690580085554,0.069161105856,0.0692470202732,0.0692813860401,0.0692985689236,0.0698484211937,0.0697453238931,0.0698140554268,0.069899969844,0.0698140554268,0.0698312383103,0.0697968725434,0.0701061644453,0.0701405302122,0.0702951761632,0.0702951761632,0.0704154563473,0.0708793942003,0.0710855888016,0.0712917834029,0.0713261491698,0.0714464293539,0.0715838924214,0.0717729041393,0.0715838924214,0.0716869897221,0.0714979780042,0.0714292464704,0.0719103672068,0.0719447329737,0.0720650131578,0.0720993789247,0.0722196591088,0.0722883906425,0.0723743050598,0.0725117681273,0.0725976825445,0.0727523284955,0.0729069744465,0.0729757059802,0.0730272546306,0.0732678149988,0.0733193636491,0.0733709122994,0.0736973870848,0.0737317528517,0.0740410447537,0.074247239355,0.0744877997232,0.0746252627907,0.0746252627907,0.0747970916251,0.0745908970238,0.0749689204596,0.075140749294,0.0752266637112,0.0752266637112,0.0750204691099,0.0749689204596,0.0752094808278,0.0750204691099,0.0751235664106,0.0753469438953,0.0760170763496,0.0757421502145,0.0759827105827,0.0762232709509,0.0763607340184,0.0767215745707,0.0770995980064,0.0772714268409,0.0773229754912,0.0776322673932,0.0777697304607,0.077975925062,0.0781133881295,0.0782680340805,0.0783539484977,0.078439862915,0.0788350692341,0.079024080952,0.0790068980686,0.0793505557374,0.0795052016884,0.0795739332222,0.0800206881917,0.0800206881917,0.0804158945108,0.0803127972102,0.0803643458605,0.0805533575784,0.0806736377625,0.0808454665969,0.0806736377625,0.0807767350631,0.0810688440817,0.0812578557995,0.0814468675174,0.0816358792353,0.0819108053703,0.0823403774564,0.0825637549412,0.0827871324259,0.0830792414444,0.0833541675795,0.0833713504629,0.0834572648802,0.0835775450643,0.0840586658006,0.0842820432854,0.0844023234695,0.0843507748192,0.0844366892364,0.0841789459847,0.0845226036536,0.0846772496046,0.0849693586231,0.085433296476,0.0856910397277,0.0858456856787,0.08605188028,0.0861721604641,0.0869110244521,0.0872203163541,0.0872890478878,0.0876155226732,0.0883372037778,0.0885433983791,0.0889042389314,0.0892478966003,0.089625920036,0.0901414065393,0.0905709786254,0.0910005507114,0.0912239281962,0.0916019516319,0.092306449853,0.0926844732888,0.0930624967245,0.0928906678901,0.0934233372768,0.0938357264794,0.0937326291788,0.0939044580132,0.0942309327986,0.0944371273999,0.0946089562343,0.0951588085045,0.0953993688727,0.0957773923084,0.0965334391799,0.0967224508978,0.0968770968487,0.0970489256832,0.097392583352,0.0975987779533,0.0979939842725,0.0982173617573,0.0987156653771,0.0990249572791,0.0995748095492,0.0998153699174,0.100193393353,0.100537051022,0.100966623108,0.101413378078,0.101894498814,0.102427168201,0.103045752005,0.10342377544,0.103990810594,0.104282919612,0.104781223232,0.104849954766,0.1050217836,0.105331075502,0.105485721453,0.105726281822,0.106379231392,0.106482328693,0.106551060227,0.107169644031,0.107702313418,0.108286531455,0.108303714338,0.108509908939,0.109197224277,0.109850173848,0.110451574768,0.110932695505,0.111224804523,0.111345084707,0.111448182008,0.111413816241,0.111980851395,0.112341691947,0.112410423481,0.112839995567,0.112599435199,0.113166470352,0.113750688389,0.113785054156,0.113819419923,0.114300540659,0.114541101028,0.114919124463,0.115228416365,0.115486159617,0.115984463237,0.116259389372,0.116534315507,0.116637412808,0.116809241642,0.117238813728,0.117255996612,0.117926129066,0.118304152502,0.11854471287,0.118991467839,0.119506954343,0.119386674158,0.119541320109,0.119799063361,0.119627234527,0.119747514711,0.120159903913,0.120005257962,0.120520744466,0.12074412195,0.121070596736,0.121654814773,0.121998472442,0.122204667043,0.12223903281,0.122032838209,0.122479593178,0.122565507595,0.122806067963,0.123270005816,0.123613663485,0.123854223853,0.124249430173,0.124404076124,0.124472807657,0.124764916676,0.125211671645,0.125452232014,0.125916169867,0.126070815818,0.126637850971,0.127136154591,0.127514178027,0.128201493364,0.128442053733,0.128751345635,0.129301197905,0.129644855574,0.129730769991,0.130040061893,0.130143159193,0.130521182629,0.131397509685,0.131603704286,0.132256653857,0.132342568274,0.133115798029,0.13332199263,0.134284234103,0.134782537723,0.135572950361,0.135469853061,0.135882242263,0.136363363,0.136672654902,0.137067861221,0.137291238705,0.137755176558,0.138579954964,0.139146990117,0.139353184719,0.139696842387,0.140143597357,0.140384157725,0.140504437909,0.140985558646,0.141449496499,0.142050897419,0.142411737971,0.142463286622,0.142738212757,0.143459893861,0.143545808279,0.143769185763,0.144439318218,0.144989170488,0.145453108341,0.14584831466,0.146174789445,0.146260703862,0.146810556133,0.14744632282,0.147772797605,0.147910260673,0.148030540857,0.148597576011,0.148855319262,0.148786587729,0.148820953495,0.148855319262,0.149508268833,0.149920658036,0.150281498588,0.150865716625,0.15119219141,0.151449934662,0.151673312147,0.151948238282,0.152326261718,0.152412176135,0.152618370736,0.152532456319,0.15263555362,0.152790199571,0.152841748221,0.153374417608,0.153443149141,0.153597795092,0.153821172577,0.153529063559,0.153718075276,0.153580612209,0.153666526626,0.153907086994,0.154130464479,0.154010184295,0.154371024847,0.154663133866,0.154817779817,0.154955242884,0.154938060001,0.155127071719,0.155264534786,0.155453546504,0.155230169019,0.155316083437,0.155127071719,0.155917484357,0.15638142221,0.156398605094,0.156776628529,0.156261142026,0.156398605094,0.156020581658,0.155865935707,0.155608192455,0.155591009572,0.155848752823,