# R script for Peak Model
#  -- generated by MACS
p <- c(0.028684505776,0.0294441415076,0.0303524016214,0.0310294682517,0.0317395625225,0.0325157120743,0.0332258063451,0.0339359006159,0.0345964534259,0.0353395753372,0.036115724889,0.0368093053395,0.0375028857901,0.0381799524204,0.0390056434329,0.0396992238835,0.0403432628733,0.0409212465821,0.0416973961339,0.0423579489439,0.0431175846754,0.0438607065867,0.0445212593968,0.0453634642296,0.0459414479384,0.0466515422092,0.0472460397382,0.0479065925482,0.0487818250215,0.0495579745733,0.0502680688441,0.0511763289579,0.0519524785097,0.0526460589603,0.0533066117703,0.0541323027829,0.0547433141322,0.055717629527,0.055981850651,0.0561469888535,0.0562295579548,0.0559488230105,0.0563286408763,0.0563286408763,0.0564937790788,0.056444237618,0.0561965303143,0.0562625855953,0.056444237618,0.056510292899,0.0562790994155,0.0559653368307,0.0558167124485,0.0559323091902,0.0559653368307,0.0558332262687,0.0558827677295,0.0558662539092,0.0559983644712,0.0559983644712,0.0561469888535,0.0559983644712,0.0557011157067,0.0556846018865,0.055717629527,0.0559488230105,0.056180016494,0.056113961213,0.056246071775,0.0559653368307,0.0557011157067,0.0557341433472,0.055651574246,0.0557671709877,0.0558992815497,0.0556846018865,0.0554203807625,0.055453408403,0.0553543254815,0.0553047840207,0.0555524913245,0.0554203807625,0.0554699222232,0.055519463684,0.0556350604257,0.055717629527,0.0555524913245,0.0556020327852,0.055783684808,0.0558992815497,0.0558001986282,0.0558332262687,0.0558662539092,0.056113961213,0.0560644197522,0.0561635026738,0.0560148782915,0.055981850651,0.0559653368307,0.0559323091902,0.055981850651,0.0561304750333,0.0562790994155,0.0564607514383,0.056246071775,0.0562130441345,0.056180016494,0.0562295579548,0.0562790994155,0.056312127056,0.0562295579548,0.0561965303143,0.0566589172813,0.0565433205395,0.0562956132358,0.0561965303143,0.0563451546965,0.0564937790788,0.056378182337,0.056444237618,0.056444237618,0.0566589172813,0.0568075416635,0.0568075416635,0.0570057075066,0.0572864424508,0.0573690115521,0.0575176359343,0.0576827741368,0.0578148846989,0.0581121334634,0.0581616749241,0.0583763545874,0.0585910342507,0.0588882830152,0.0589047968354,0.0590203935772,0.0592185594202,0.059334156162,0.0595488358252,0.0595653496455,0.0594992943645,0.0594827805442,0.0593836976227,0.0593836976227,0.059664432567,0.0600277366125,0.060192874815,0.0600937918935,0.060324985377,0.0603084715568,0.060391040658,0.0606387479618,0.0606057203213,0.060787372344,0.0610185658276,0.0610020520073,0.0611011349288,0.0612827869516,0.0612993007718,0.0617121462781,0.0617451739186,0.0621084779641,0.0623231576274,0.0621745332451,0.0621745332451,0.0622405885261,0.0624222405489,0.0627029754932,0.0628681136957,0.0631158209994,0.0634295835842,0.0637763738095,0.0641231640347,0.0643873851588,0.0646846339233,0.0650974794296,0.0650314241486,0.0654112420143,0.0655763802168,0.0657250045991,0.0657415184193,0.0657910598801,0.0657910598801,0.0659396842624,0.0662864744876,0.0667488614547,0.0668974858369,0.0666993199939,0.0667984029154,0.0669965687584,0.0670130825787,0.0669800549382,0.0672773037027,0.067425928085,0.0672442760622,0.0674424419052,0.067359872804,0.0673433589837,0.0674589557255,0.0673929004445,0.0673763866242,0.0677727183102,0.068086480895,0.0683011605583,0.0684497849405,0.0685323540418,0.0688296028063,0.0687800613455,0.068945199548,0.0689286857278,0.0691763930316,0.0692259344923,0.0692259344923,0.0695562108973,0.0695562108973,0.0700185978644,0.0700846531454,0.0704149295504,0.0707947474162,0.0708773165174,0.0710754823604,0.0711250238212,0.0713397034844,0.0716699798895,0.071372731125,0.0714222725857,0.0716039246085,0.0716534660692,0.0718846595527,0.0720828253957,0.0721819083173,0.0724791570818,0.0728094334868,0.072693836745,0.0727929196665,0.0727433782058,0.0731892513526,0.0731892513526,0.0734039310158,0.0737837488816,0.0742296220284,0.0745433846131,0.0745433846131,0.0744277878714,0.0745433846131,0.0744773293321,0.0744443016916,0.0745268707929,0.0745929260739,0.0748241195574,0.0748736610182,0.0749066886587,0.0753690756257,0.0753360479852,0.0758149487725,0.076178252818,0.0766241259648,0.0771855958533,0.0773837616963,0.0776810104608,0.0779287177646,0.0784076185519,0.0785232152936,0.0787213811367,0.0793158786657,0.0795140445087,0.0800424867567,0.080455332263,0.0806039566453,0.0808351501288,0.0815122167591,0.0819085484451,0.0821067142881,0.0822718524906,0.0827342394577,0.0832296540652,0.0831801126044,0.0834443337285,0.0835764442905,0.0837085548525,0.0838241515942,0.0839232345157,0.0843856214828,0.0847158978878,0.0850957157536,0.0854590197991,0.0857727823838,0.0861526002496,0.0864663628344,0.0867305839584,0.0870113189027,0.0869617774419,0.0874737058697,0.0873746229482,0.087688385533,0.0881672863202,0.0883159107025,0.0885801318265,0.0886461871075,0.0892571984568,0.0898186683454,0.0901984862111,0.0908425252009,0.0912883983477,0.0916021609325,0.0915195918312,0.0917838129552,0.0918498682362,0.0922131722818,0.0925764763273,0.0930553771146,0.0934847364411,0.0933361120588,0.0940627201499,0.0943104274536,0.0944920794764,0.0945416209371,0.0947067591397,0.0950040079042,0.0953342843092,0.0953838257699,0.095912268018,0.0963251135243,0.0965397931875,0.09670493139,0.0969196110533,0.0972498874583,0.0977287882456,0.0981746613924,0.0984388825164,0.0986535621797,0.0988682418429,0.0990829215062,0.0990664076859,0.0990498938657,0.0990498938657,0.0989838385847,0.0989342971239,0.099462739372,0.0996774190352,0.099528794653,0.100172833643,0.100437054767,0.100453568587,0.100965497015,0.101262745779,0.10131228724,0.101460911622,0.10193981241,0.102402199377,0.102369171736,0.102220547354,0.102815044883,0.103161835108,0.103326973311,0.103525139154,0.10393798466,0.104449913088,0.104548996009,0.105011382976,0.105341659381,0.105589366685,0.106018726012,0.106464599158,0.10656368208,0.10659670972,0.107504969834,0.108215064105,0.108297633206,0.108991213657,0.109040755118,0.10917286568,0.109552683545,0.110213236355,0.110741678603,0.110741678603,0.111303148492,0.111682966358,0.111914159841,0.112178380965,0.112591226472,0.113383889844,0.114093984114,0.114407746699,0.114556371081,0.11513435479,0.115398575914,0.11577839378,0.116372891309,0.116653626253,0.117165554681,0.117479317266,0.118024273334,0.118734367605,0.119626113898,0.120187583787,0.120782081316,0.121426120306,0.121921534913,0.122681170645,0.123275668174,0.124068331546,0.124514204693,0.124910536379,0.125240812784,0.126000448515,0.126149072898,0.126710542786,0.127470178518,0.128642659756,0.129435323128,0.129963765376,0.131053677512,0.13158211976,0.132160103469,0.13288671156,0.133431667628,0.13420781718,0.135182132575,0.135842685385,0.136239017071,0.136982138982,0.137840857635,0.138732603929,0.139393156739,0.14011976483,0.14145738427,0.142596837868,0.14342252888,0.143868402027,0.144446385736,0.145602353153,0.146378502705,0.147121624616,0.148128967652,0.148492271697,0.149251907429,0.150193195183,0.151035400016,0.151877604849,0.152554671479,0.153743666537,0.154123484403,0.154850092494,0.155807894068,0.156435419238,0.157624414296,0.158962033736,0.160151028794,0.160580388121,0.16117488565,0.162083145764,0.162760212394,0.163866638351,0.164692329364,0.165518020376,0.166079490265,0.166607932513,0.167499678806,0.168705187685,0.169646475439,0.170439138811,0.171595106228,0.172239145218,0.173263002074,0.174006123985,0.174501538593,0.175740075111,0.176863014889,0.177721733542,0.178035496126,0.179158435903,0.179521739949,0.180330917141,0.181057525232,0.181751105683,0.183039183662,0.184013499057,0.184574968946,0.185202494115,0.185697908723,0.186209837151,0.187266721647,0.187943788277,0.188637368728,0.188686910188,0.189231866257,0.190585999517,0.190635540978,0.191213524687,0.191989674238,0.192881420532,0.193839222107,0.194268581433,0.194615371658,0.195226383008,0.195919963458,0.196200698402,0.196646571549,0.196778682111,0.197406207281,0.198430064136,0.198347495035,0.198710799081,0.198975020205,0.199453920992,0.200362181106,0.200874109534,0.201435579422,