# R script for Peak Model
#  -- generated by MACS
p <- c(0.0274687854711,0.0282323805593,0.0289340625322,0.0296770199154,0.0304199772985,0.0311010215664,0.0318646166546,0.0326901248581,0.0333092560107,0.0341760396244,0.0348570838923,0.0355587658652,0.0363636363636,0.037168506862,0.0381591167062,0.0388607986792,0.0398926839335,0.040718192137,0.0416881642761,0.0426581364152,0.0432566298628,0.0439376741306,0.0447631823341,0.0457950675885,0.0466618512021,0.0474460839955,0.0483541430193,0.0490764626973,0.049943246311,0.0505417397585,0.051367247962,0.0520482922299,0.053018264369,0.0539882365081,0.0546899184811,0.0552264988133,0.055866267671,0.0566917758745,0.0569600660407,0.0568981529254,0.0572283562068,0.0571251676814,0.0571251676814,0.0574140955526,0.057269631617,0.0574140955526,0.0574347332577,0.0574760086678,0.0573521824373,0.0575585594882,0.0575998348984,0.0576617480136,0.0573934578475,0.0577030234238,0.0577649365391,0.0579713135899,0.0577236611289,0.0578681250645,0.057991951295,0.0578887627696,0.0579506758848,0.0578062119492,0.0578474873594,0.0578062119492,0.0577649365391,0.0579506758848,0.0578268496543,0.0578681250645,0.0580538644103,0.0583015168713,0.0581983283459,0.0583634299866,0.0585491693324,0.0584872562171,0.0585698070375,0.0581983283459,0.0583221545764,0.0583427922815,0.058466618512,0.0586729955629,0.0586317201527,0.0586110824476,0.0585904447425,0.0584047053968,0.0586110824476,0.0585698070375,0.0587761840883,0.0588380972036,0.0590031988443,0.0591270250748,0.0590238365494,0.0591063873697,0.0586317201527,0.0585904447425,0.0582808791662,0.0580538644103,0.0581364152306,0.0580951398205,0.0578474873594,0.0576617480136,0.057517284078,0.0574966463729,0.0573934578475,0.0575998348984,0.0573728201424,0.057517284078,0.0574347332577,0.0578062119492,0.0575998348984,0.0572489939119,0.057269631617,0.057517284078,0.0578062119492,0.0578474873594,0.057744298834,0.0580125890001,0.0579300381798,0.0580951398205,0.0581364152306,0.0578681250645,0.0581983283459,0.0583427922815,0.0585078939222,0.0586317201527,0.0587761840883,0.0586317201527,0.0585698070375,0.0587761840883,0.0592095758952,0.0590857496646,0.0591889381901,0.0592714890104,0.0595191414715,0.0594778660613,0.0593746775359,0.0594778660613,0.0594365906511,0.0595604168816,0.0593953152409,0.059642967702,0.0599938086885,0.0602001857393,0.060344649675,0.06036528738,0.0604684759055,0.0606748529564,0.060839954597,0.0609018677123,0.0609225054174,0.061066969353,0.0611907955835,0.0617067382107,0.0618924775565,0.0622226808379,0.062490971004,0.0625941595295,0.0628830874007,0.0633577546177,0.0635847693736,0.0637498710143,0.0636260447838,0.0637085956042,0.0636260447838,0.0637911464245,0.0638530595398,0.0638530595398,0.0639356103601,0.0638736972449,0.0641213497059,0.0642245382313,0.0645547415127,0.0647611185636,0.0651119595501,0.065318336601,0.0657723661129,0.0659787431638,0.0662263956248,0.066267671035,0.0664534103808,0.0663502218553,0.0664740480859,0.0668661644825,0.0670519038283,0.0669280775978,0.0672995562893,0.0676297595707,0.0680218759674,0.0682488907234,0.0683314415437,0.0685171808895,0.0688267464658,0.068868021876,0.0691775874523,0.0693633267981,0.0697760808998,0.0700030956558,0.0702507481168,0.0704777628728,0.0706635022186,0.0705809513982,0.0709730677949,0.0712619956661,0.071489010422,0.0716747497678,0.0717985759983,0.0719017645238,0.0719843153441,0.0721081415747,0.0722319678052,0.0724796202662,0.0727479104324,0.0728510989578,0.0731813022392,0.0733257661748,0.0736766071613,0.0738210710969,0.0735940563409,0.073614694046,0.0737385202765,0.0739242596223,0.0739861727376,0.0739242596223,0.0741719120834,0.0743989268393,0.0745846661851,0.0748735940563,0.0749974202869,0.075018057992,0.0750593334021,0.0748735940563,0.0747704055309,0.0747704055309,0.0747291301207,0.0747497678258,0.075038695697,0.0754101743886,0.0756784645547,0.0757816530802,0.076215044887,0.0763801465277,0.0764007842328,0.0765865235786,0.0770199153854,0.0775152203075,0.0778041481787,0.0779692498194,0.0782994531008,0.0784439170364,0.0785058301517,0.0786915694975,0.0790011350738,0.0791455990094,0.0794345268806,0.0798472809824,0.0800536580332,0.0805283252502,0.0811474564028,0.0812300072232,0.0813331957486,0.0813331957486,0.0815808482097,0.081890413786,0.0818078629656,0.0818078629656,0.0819936023114,0.0823238055928,0.0829222990403,0.0834176039624,0.083789082654,0.0839954597049,0.0844494892168,0.0848209679084,0.0849447941389,0.0853575482406,0.0855845629966,0.0861417810339,0.0864307089052,0.0868021875967,0.0872355794036,0.0876896089155,0.0880610876071,0.0884325662986,0.0889485089258,0.0893199876174,0.0897533794242,0.0897740171293,0.0902693220514,0.0909503663193,0.0911361056651,0.0915282220617,0.0917345991126,0.0920441646889,0.0926632958415,0.0931173253534,0.0935094417501,0.0941492106078,0.0945619647095,0.0952842843876,0.0957589516046,0.0961510680012,0.0964399958725,0.0968527499742,0.0971416778454,0.0973893303065,0.0977814467031,0.098235476215,0.0987307811371,0.0993292745847,0.0997833040966,0.100113507378,0.100319884429,0.10069136312,0.101413682798,0.101847074605,0.102363017232,0.102899597565,0.103456815602,0.103807656589,0.103642554948,0.103848931999,0.10409658446,0.104571251677,0.104695077907,0.105479310701,0.105995253328,0.10653183366,0.107192240223,0.107398617274,0.107997110721,0.108471777938,0.108698792694,0.109028995976,0.109338561552,0.109606851718,0.110556186152,0.11131978124,0.111526158291,0.11233102879,0.112723145186,0.113259725519,0.113858218966,0.114353523888,0.114147146837,0.114642451759,0.114828191105,0.115756887834,0.115839438654,0.116107728821,0.116541120627,0.116788773088,0.117098338665,0.117304715716,0.117511092766,0.117861933753,0.118088948509,0.118398514085,0.118522340316,0.118604891136,0.118687441956,0.119017645238,0.119739964916,0.120503560004,0.120565473119,0.12068929935,0.121102053452,0.121452894438,0.12190692395,0.122340315757,0.122587968218,0.123021360025,0.123207099371,0.123475389537,0.123681766588,0.123950056754,0.123784955113,0.12421834692,0.124589825611,0.125085130533,0.125890001032,0.126405943659,0.127210814157,0.127768032195,0.128077597771,0.128593540398,0.12908884532,0.129955628934,0.130616035497,0.130719224022,0.131193891239,0.131647920751,0.131895573212,0.13261789289,0.132948096172,0.13383551749,0.134289547002,0.13484676504,0.135465896192,0.13602311423,0.136580332267,0.136807347023,0.13736456506,0.137694768342,0.137447115881,0.137983696213,0.137963058508,0.138313899494,0.139098132288,0.140006191312,0.140130017542,0.140872974925,0.14089361263,0.141430192963,0.14194613559,0.14211123723,0.142544629037,0.143101847075,0.143514601176,0.143762253637,0.144773501187,0.145227530699,0.145784748736,0.146114952017,0.1468579094,0.147807243834,0.148385099577,0.14912805696,0.149912289753,0.150634609431,0.151274378289,0.152141161903,0.152822206171,0.153688989784,0.154555773398,0.155690847178,0.156681457022,0.157238675059,0.157568878341,0.158291198019,0.158807140646,0.159818388195,0.160520070168,0.161221752141,0.161778970179,0.162480652151,0.163223609535,0.163718914457,0.164523784955,0.165225466928,0.166112888247,0.166339903003,0.167701991539,0.168444948922,0.169518109586,0.17034361779,0.170632545661,0.171169125993,0.171272314519,0.171829532556,0.1728201424,0.173418635848,0.173852027655,0.174244144051,0.174388607987,0.175193478485,0.175626870292,0.176184088329,0.176700030957,0.176865132597,0.177277886699,0.177319162109,0.178268496543,0.178495511299,0.178866989991,0.179094004747,0.179114642452,0.179444845733,0.179692498194,0.180311629347,0.18117841296,0.181632442472,0.182437312971,0.183035806418,0.183159632649,0.183056444123,0.183634299866,0.184026416263,0.184459808069,0.184975750697,0.185656794964,0.186028273656,0.186874419565,0.187349086782,0.187390362192,0.187968217934,0.188339696626,0.188380972036,0.188546073677,0.188711175317,0.18928903106,0.18941285729,0.189557321226,0.189743060572,0.190217727789,0.190341554019,0.190774945826,0.190898772057,0.191022598287,0.191187699928,0.191373439274,0.191311526158,0.191455990094,0.191744917965,