# R script for Peak Model
#  -- generated by MACS
p <- c(0.0262308663274,0.0268769467788,0.0275414866717,0.0283352426549,0.0290182419892,0.029756619648,0.0304396189824,0.0312333749655,0.0320640498316,0.0326916708416,0.0334300485003,0.0341499667176,0.0348883443764,0.0354421276205,0.0362543430451,0.0370665584697,0.03782339557,0.0385248543458,0.0393370697704,0.0400016096633,0.0407953656465,0.0414414460979,0.0421982831981,0.0429551202983,0.0438042546059,0.0444872539403,0.0452994693649,0.046130144231,0.0468500624483,0.0476622778729,0.0484744932976,0.0490098171002,0.0496928164345,0.0503388968859,0.0511141934276,0.0518710305279,0.0525355704207,0.0532370291966,0.0532001103136,0.0532739480795,0.053255488638,0.0531816508722,0.0532739480795,0.0534216236113,0.0536800557918,0.0536431369089,0.0536062180259,0.0537169746748,0.0537908124406,0.053883109648,0.0539569474139,0.0541969201529,0.0546584061897,0.0548430006044,0.0550460544605,0.0551198922264,0.0550275950191,0.0551383516679,0.0554152432899,0.0555259999387,0.0555444593802,0.0556921349119,0.0559136482096,0.0558767293266,0.0558951887681,0.0560244048584,0.0562274587145,0.0563935936878,0.0564674314536,0.0567627825171,0.0570212146977,0.0572611874368,0.0574827007344,0.05742732241,0.05742732241,0.057464241293,0.0576857545906,0.0579811056541,0.05805494342,0.0580364839785,0.0582395378347,0.0581841595102,0.0583133756005,0.0581103217444,0.0578888084467,0.0579995650956,0.0580918623029,0.0581657000688,0.0581657000688,0.0584425916908,0.0583872133664,0.0584795105738,0.0584610511323,0.0585902672226,0.0584425916908,0.0587564021958,0.0587564021958,0.0591255910252,0.0590702127008,0.0591440504666,0.0592548071155,0.0594947798545,0.0595686176204,0.0596978337107,0.059827049801,0.0598455092425,0.0599378064498,0.0605469680183,0.0606392652256,0.0608792379647,0.0608423190818,0.0609715351721,0.0609161568477,0.0609346162891,0.0610269134965,0.0611007512623,0.0611930484697,0.0615253184161,0.0617099128308,0.0618206694796,0.0617652911552,0.0620237233358,0.0623006149578,0.0622636960749,0.0625590471384,0.0622821555164,0.062503668814,0.0624667499311,0.0621344799846,0.0620975611017,0.0619868044529,0.062226777192,0.0624667499311,0.062503668814,0.0626144254628,0.0628359387604,0.0629466954092,0.0628543982019,0.0628543982019,0.0630759114995,0.0633897220045,0.0633528031216,0.0634820192118,0.0635558569777,0.0635558569777,0.0636296947436,0.0638142891583,0.0637035325095,0.0637035325095,0.0638696674827,0.0640727213389,0.0642942346365,0.0643680724024,0.0643680724024,0.0644419101682,0.0646449640244,0.0648480178806,0.0649956934123,0.0650879906197,0.0655125577734,0.0656602333052,0.0658448277199,0.066047881576,0.0662693948737,0.0664909081713,0.0665093676128,0.0668600970007,0.0669339347665,0.066952394208,0.0673400424789,0.0676907718668,0.0677276907497,0.0677276907497,0.0676907718668,0.068170717345,0.0682260956694,0.0683737712011,0.068447608967,0.0685768250573,0.0687060411476,0.0686875817061,0.0688906355623,0.069038311094,0.0688167977964,0.0688352572379,0.0689644733281,0.0690013922111,0.0692782838331,0.0696105537796,0.0700166614919,0.0701827964651,0.0703304719968,0.070533525853,0.0706627419433,0.0707181202677,0.0707550391506,0.0709211741239,0.0714195790435,0.0713642007191,0.0719364434046,0.0723240916755,0.0726563616219,0.0729147938025,0.0730993882172,0.0731732259831,0.0732839826319,0.0736531714613,0.073800846993,0.073837765876,0.0742438735883,0.0742438735883,0.0743361707956,0.0747976568323,0.0751483862202,0.0751853051032,0.075572953374,0.0759052233205,0.0760159799693,0.0762559527084,0.0763297904743,0.0765697632134,0.0766436009792,0.0768281953939,0.0772527625477,0.0775296541697,0.0776773297015,0.0780465185309,0.0782311129456,0.0784341668017,0.0786925989823,0.0790064094873,0.0794309766411,0.0793202199922,0.0798001654704,0.0799109221192,0.0799109221192,0.0802801109486,0.0805385431292,0.0807785158683,0.0811107858147,0.0814799746441,0.0816830285003,0.0819968390052,0.0823475683932,0.0828459733128,0.0828090544299,0.0831597838178,0.083325918791,0.0837135670619,0.0838981614765,0.0844150258377,0.0847288363427,0.084507323045,0.0847472957841,0.0848026741085,0.0849318901988,0.0853933762355,0.0855964300917,0.0857625650649,0.0862055916602,0.086630158814,0.0866855371384,0.0871654826166,0.0872577798239,0.0877561847436,0.0879407791583,0.0882915085462,0.0886053190511,0.0888268323488,0.0889745078805,0.0891406428537,0.0896021288905,0.0901374526931,0.0899343988369,0.090488182081,0.0904143443151,0.0902297499004,0.0909681275592,0.0912450191812,0.091669586335,0.0921495318132,0.0927217744987,0.0930355850037,0.0933309360672,0.0938478004283,0.0939400976357,0.0942169892577,0.0949553669165,0.095213799097,0.0957122040167,0.0960629334046,0.096432122234,0.0964505816755,0.0968566893878,0.097299715983,0.0978534992271,0.0982965258224,0.098481120237,0.0987764713006,0.0990349034811,0.0992379573373,0.0999209566716,0.100345523825,0.101194658133,0.101471549755,0.101803819701,0.102117630206,0.102265305738,0.102837548424,0.103022142838,0.103483628875,0.104018952678,0.104443519832,0.104720411454,0.105015762517,0.105218816373,0.105514167437,0.106086410122,0.106418680069,0.106769409457,0.107230895493,0.10756316544,0.108024651477,0.108393840306,0.108855326343,0.109353731262,0.109593704001,0.109593704001,0.110424378867,0.110867405463,0.111550404797,0.111974971951,0.112565674078,0.112768727934,0.113119457322,0.113562483917,0.114190104927,0.114946942027,0.115279211974,0.115943751867,0.116220643489,0.116460616228,0.116645210643,0.11723591277,0.117309750535,0.118140425402,0.118546533114,0.118712668087,0.11887880306,0.119174154124,0.119469505187,0.120115585639,0.120558612234,0.120244801729,0.120780125532,0.121149314361,0.121776935371,0.121703097605,0.122109205317,0.122607610237,0.123290609571,0.123678257842,0.124305878852,0.12415820332,0.12465660824,0.124896580979,0.125524201989,0.12591185026,0.126705606243,0.12679790345,0.127093254514,0.127480902785,0.12805314547,0.128754604246,0.129400684698,0.130083684032,0.130858980574,0.130729764483,0.131283547727,0.131449682701,0.132077303711,0.132372654774,0.132723384162,0.133018735226,0.133535599587,0.13383095065,0.134550868867,0.134717003841,0.135178489877,0.135639975914,0.136101461951,0.136396813014,0.136562947988,0.137061352907,0.137504379502,0.137762811683,0.138261216603,0.139147269793,0.139368783091,0.140217917398,0.140587106228,0.140845538408,0.141159348913,0.142285374843,0.142802239204,0.143411400773,0.144020562341,0.144518967261,0.144777399441,0.146032641461,0.146715640796,0.147140207949,0.147675531752,0.148247774437,0.148986152096,0.149392259809,0.149632232548,0.150499826297,0.151699689992,0.152198094912,0.153102607544,0.153268742517,0.154173255149,0.154893173366,0.155502334935,0.156462225891,0.157089846901,0.157735927352,0.15871427775,0.159748006473,0.160080276419,0.160375627483,0.160818654078,0.161926220566,0.162443084927,0.163292219235,0.163938299686,0.164584380137,0.16486127176,0.165765784392,0.166153432662,0.167076404736,0.167980917368,0.168940808324,0.169309997154,0.170251428668,0.170805211913,0.171340535715,0.172060453932,0.172485021086,0.17278037215,0.172983426006,0.173223398745,0.174275586909,0.174589397414,0.174681694621,0.175087802333,0.175807720551,0.176398422678,0.177118340895,0.17756136749,0.178539717888,0.179019663366,0.17994263544,0.180496418684,0.181437850199,0.182120849533,0.182526957245,0.18333917267,0.183782199265,0.184169847536,0.184612874131,0.185111279051,0.185517386763,0.186366521071,0.186532656044,0.187197195937,0.187603303649,0.187714060298,0.187787898064,0.187787898064,0.188341681308,0.188286302984,0.188803167345,0.189264653382,0.18924619394,0.189356950589,0.189929193274,0.190206084896,0.190409138753,0.190815246465,0.190704489816,0.19138748915,0.191572083565,0.191424408033,0.191572083565,0.191461326916,0.191922812953,0.192144326251,0.191996650719,0.192273542341,0.1922550829,0.192347380107,0.192273542341,0.192088947926,0.19201511016,0.192310461224,0.192790406702,0.192347380107,0.192605812287,0.192771947261,0.192365839548,0.192052029043,