# R script for Peak Model
#  -- generated by MACS
p <- c(0.0372270556678,0.0387981057235,0.0394811709651,0.0407106884,0.0421451254074,0.0433746428423,0.0444675472288,0.0456287581396,0.0467899690503,0.048770858251,0.050478521355,0.0512298931208,0.0525277170798,0.0539621540872,0.0546452193288,0.0561479628604,0.0571042541986,0.0586753042543,0.0598365151651,0.0609977260758,0.0625687761315,0.0639349066147,0.0650961175255,0.0666671675812,0.0680332980644,0.0685114437335,0.0689895894027,0.0691945089751,0.0684431372094,0.0685797502577,0.0686480567818,0.068716363306,0.0689212828785,0.0685114437335,0.0687846698302,0.068306524161,0.0689895894027,0.0682382176369,0.0678283784919,0.0677600719678,0.0678966850161,0.0678283784919,0.0682382176369,0.0681699111127,0.0672819262986,0.0676917654436,0.0680332980644,0.0682382176369,0.0682382176369,0.0681016045886,0.0680332980644,0.0679649915402,0.0688529763543,0.0687846698302,0.0687846698302,0.0690578959268,0.0689212828785,0.0692628154993,0.0698775742167,0.0696043481201,0.0700141872651,0.070833865555,0.0709704786033,0.0711753981758,0.0718584634174,0.0713803177483,0.0714486242725,0.0713120112241,0.0717218503691,0.0716535438449,0.070833865555,0.0709704786033,0.0717218503691,0.0715169307966,0.0715852373208,0.0711070916516,0.0715169307966,0.0713803177483,0.0719267699416,0.0719950764657,0.0718584634174,0.0716535438449,0.0715169307966,0.0715852373208,0.0711070916516,0.0710387851275,0.0706289459825,0.0709704786033,0.0710387851275,0.0709704786033,0.0703557198859,0.0700141872651,0.0700824937892,0.0698775742167,0.0704923329342,0.0695360415959,0.0694677350718,0.0695360415959,0.0696043481201,0.0701508003134,0.0713803177483,0.0713803177483,0.070833865555,0.0710387851275,0.0711070916516,0.0713803177483,0.0715169307966,0.0715169307966,0.0709704786033,0.0704923329342,0.0694677350718,0.0689895894027,0.0686480567818,0.0685797502577,0.068716363306,0.0689895894027,0.0692628154993,0.0692628154993,0.0687846698302,0.0688529763543,0.0702191068376,0.0702191068376,0.0698775742167,0.0700141872651,0.0700141872651,0.0700141872651,0.0693311220235,0.0691945089751,0.0691945089751,0.0685797502577,0.0687846698302,0.069126202451,0.0688529763543,0.068716363306,0.0688529763543,0.0690578959268,0.069126202451,0.0693311220235,0.0693994285476,0.0693311220235,0.0693311220235,0.0697409611684,0.069126202451,0.0690578959268,0.0684431372094,0.0680332980644,0.0678966850161,0.0678283784919,0.0679649915402,0.0673502328228,0.0660524088637,0.0656425697188,0.0664622480087,0.067008700202,0.066189021912,0.0658474892912,0.0661207153879,0.0657791827671,0.0656425697188,0.0657108762429,0.0661207153879,0.0663939414845,0.0661207153879,0.0656425697188,0.0648228914288,0.0646179718563,0.0646862783805,0.0645496653322,0.0650961175255,0.0650278110013,0.0640032131389,0.0637982935664,0.0633884544214,0.0631152283248,0.0625004696074,0.062773695704,0.062363856559,0.0629103087523,0.0629103087523,0.0630469218006,0.0630469218006,0.0632518413731,0.0634567609456,0.0637982935664,0.0633201478973,0.0636616805181,0.0633201478973,0.0633884544214,0.0639349066147,0.0634567609456,0.0637982935664,0.0636616805181,0.0637982935664,0.0637299870423,0.0646179718563,0.0651644240496,0.0646179718563,0.064481358808,0.0643447457597,0.0646179718563,0.064481358808,0.0650961175255,0.0646179718563,0.0640715196631,0.0651644240496,0.0654376501463,0.0651644240496,0.0659157958154,0.0659157958154,0.0658474892912,0.0655059566704,0.0657108762429,0.0657791827671,0.0659157958154,0.0668037806295,0.0669403936778,0.0666671675812,0.0662573284362,0.0657791827671,0.0658474892912,0.0659157958154,0.0660524088637,0.0663939414845,0.066189021912,0.0667354741053,0.0670770067261,0.0675551523953,0.0672136197745,0.0666671675812,0.0666671675812,0.066598861057,0.0658474892912,0.0659841023396,0.0661207153879,0.0663939414845,0.0659841023396,0.0657791827671,0.065301037098,0.065301037098,0.0656425697188,0.0652327305738,0.0655059566704,0.0656425697188,0.0654376501463,0.0646862783805,0.0650961175255,0.0653693436221,0.0652327305738,0.0652327305738,0.0656425697188,0.0657108762429,0.0659841023396,0.0657108762429,0.0654376501463,0.0654376501463,0.0652327305738,0.0654376501463,0.0649595044772,0.0655059566704,0.0660524088637,0.066189021912,0.0659841023396,0.0671453132503,0.0674868458711,0.0673502328228,0.0678966850161,0.068306524161,0.0693994285476,0.0696043481201,0.0695360415959,0.0697409611684,0.0698775742167,0.0698092676926,0.0695360415959,0.0698092676926,0.0696043481201,0.0699458807409,0.0706289459825,0.0709021720792,0.0715169307966,0.0715169307966,0.0721999960382,0.0721316895141,0.0728830612798,0.0731562873765,0.073361206949,0.0739759656664,0.0743858048114,0.0743858048114,0.0752054831013,0.0762300809637,0.0766399201087,0.0773229853503,0.0780060505919,0.0787574223577,0.0788257288818,0.0795771006476,0.0799186332684,0.081011537655,0.0812847637516,0.0818312159449,0.0813530702758,0.0818995224691,0.0825825877107,0.0829241203315,0.0833339594765,0.0836071855731,0.0837437986214,0.0838121051456,0.0845634769114,0.0853148486771,0.0856563812979,0.0855880747738,0.0857929943463,0.0863394465396,0.0862711400154,0.0859296073946,0.0859296073946,0.0863394465396,0.0872957378778,0.0877738835469,0.0883203357402,0.0889350944577,0.0899596923201,0.0892766270785,0.0900279988443,0.0901646118926,0.0903695314651,0.0906427575617,0.0907110640859,0.0906427575617,0.0909842901825,0.0910525967067,0.0908476771342,0.0913941293275,0.0920771945691,0.0924187271899,0.0929651793832,0.0930334859073,0.0926236467624,0.0924187271899,0.0923504206657,0.0922821141416,0.0920771945691,0.0931017924315,0.0939897772456,0.0939214707214,0.0940580837698,0.0934433250523,0.0934433250523,0.0931700989557,0.0935116315765,0.0935799381006,0.0937848576731,0.0939214707214,0.0941263902939,0.0941263902939,0.0937848576731,0.0941946968181,0.093306712004,0.0932384054798,0.0938531641973,0.0941946968181,0.0939214707214,0.0933750185281,0.0940580837698,0.0943313098664,0.0944679229147,0.0945362294389,0.0949460685838,0.0956974403496,0.0954925207771,0.0960389729704,0.0956974403496,0.0976100230261,0.0972684904053,0.0978832491228,0.0972001838812,0.0976100230261,0.0978832491228,0.0984980078402,0.0984980078402,0.098839540461,0.0985663143644,0.0995226057026,0.0995909122268,0.100273977468,0.100273977468,0.100615510089,0.10095704271,0.101161962283,0.101298575331,0.101435188379,0.101845027524,0.101161962283,0.101025349234,0.101503494903,0.101913334048,0.101640107952,0.101161962283,0.101913334048,0.102664705814,0.103142851483,0.103689303676,0.103552690628,0.103620997152,0.104372368918,0.105123740684,0.105465273305,0.106284951595,0.10703632336,0.10669479074,0.106284951595,0.10669479074,0.107719388602,0.106831403788,0.107241242933,0.10703632336,0.106968016836,0.107514469029,0.106899710312,0.107446162505,0.107172936409,0.108129227747,0.107104629885,0.107377855981,0.107514469029,0.108265840795,0.108607373416,0.109017212561,0.109153825609,0.108812292989,0.109222132134,0.110110116948,0.109700277803,0.109017212561,0.108265840795,0.108470760368,0.108948906037,0.109222132134,0.109427051706,0.109631971278,0.109290438658,0.109905197375,0.110519956093,0.111066408286,0.111066408286,0.111271327858,0.112159312672,0.113320523583,0.11441342797,0.114345121446,0.114276814921,0.113866975776,0.114686654066,0.115164799736,0.115369719308,0.115916171501,0.116326010646,0.11721399546,0.11721399546,0.118238593323,0.118921658564,0.119946256427,0.11967303033,0.121380693434,0.121995452152,0.12295174349,0.123703115256,0.12377142178,0.12459110007,0.12459110007,0.124386180497,0.123703115256,0.12459110007,0.124932632691,0.125000939215,0.125957230553,0.127323361036,0.127869813229,0.128552878471,0.129577476333,0.129235943713,0.129509169809,0.130328848099,0.131216832913,0.133061109066,0.133470948211,0.134495546073,0.134495546073,0.13476877217,0.136066596129,0.137159500515,0.136544741798,0.137364420088,0.137296113564,0.138593937523,0.139003776668,0.139618535385,0.139891761482,0.140711439772,0.140984665868,0.142145876779,0.143853539883,0.144673218173,0.145014750794,