# R script for Peak Model
#  -- generated by MACS
p <- c(0.0377553907079,0.0394216023861,0.0408825561039,0.0422952138311,0.0437803155443,0.0450601592971,0.0464848910219,0.0479458447397,0.0494430204506,0.0509884921521,0.0524977418606,0.0540673615574,0.0554800192846,0.0569168250071,0.0583777787249,0.0599715464171,0.0613962781419,0.0631107858108,0.0644268515566,0.0659481752628,0.0672642410086,0.0687493427218,0.0701257784559,0.0714659921971,0.0729631679079,0.0726130219755,0.0725285039918,0.0724802080012,0.0723473940268,0.0722145800525,0.0720817660781,0.0724681340035,0.0725043559965,0.0726733919639,0.0726250959732,0.0726733919639,0.0728062059382,0.0729148719172,0.0728907239219,0.0730718338869,0.0729510939102,0.0729027979196,0.0727337619522,0.0728182799359,0.0729510939102,0.0727458359499,0.0728424279312,0.0727941319405,0.0726492439685,0.0729148719172,0.0731684258683,0.0729148719172,0.0728062059382,0.0727820579429,0.0727216879545,0.0727820579429,0.0727820579429,0.0726975399592,0.0728182799359,0.0726492439685,0.0725647259848,0.0726250959732,0.0728182799359,0.0726854659615,0.0727216879545,0.0725405779895,0.0723473940268,0.0720093220921,0.0722628760431,0.0722266540501,0.0725767999825,0.0724319120105,0.0726371699709,0.0728062059382,0.0727458359499,0.0730114638986,0.0729631679079,0.0731322038752,0.0731684258683,0.0733253878379,0.0734582018123,0.0732408698543,0.0732287958566,0.0733857578263,0.0735306457983,0.0735185718006,0.0734944238053,0.0735547937936,0.0737359037586,0.0735185718006,0.0737117557633,0.0736755337703,0.0736634597726,0.0739290877213,0.0738204217423,0.073868717733,0.073796273747,0.0740981236887,0.0741826416724,0.074267159656,0.0740256797027,0.0739532357167,0.0739653097143,0.07419471567,0.0739532357167,0.074086049691,0.0743516776397,0.0743878996327,0.0743516776397,0.0745207136071,0.0745569356001,0.074303381649,0.0743275296444,0.0744482696211,0.0742792336537,0.0743999736304,0.0744120476281,0.0744361956234,0.0742550856584,0.0741826416724,0.0737359037586,0.0738204217423,0.073723829761,0.073578941789,0.0735668677913,0.0737117557633,0.07383249574,0.0736634597726,0.073615163782,0.073723829761,0.0737117557633,0.0736755337703,0.073651385775,0.0734823498076,0.0734461278146,0.0732650178496,0.0730959818822,0.0728545019289,0.0726975399592,0.0728062059382,0.0730356118939,0.0732167218589,0.0733495358333,0.0729873159032,0.0729390199126,0.0730476858916,0.0730839078846,0.0731804998659,0.0733616098309,0.0731684258683,0.0728424279312,0.0729148719172,0.0729993899009,0.0728545019289,0.0732650178496,0.0732770918473,0.0731080558799,0.0730114638986,0.0729993899009,0.0730597598892,0.0730235378962,0.0730356118939,0.0729510939102,0.0731322038752,0.0733736838286,0.0732287958566,0.0733978318239,0.0734461278146,0.073651385775,0.0736755337703,0.074086049691,0.0740015317073,0.0739532357167,0.0739532357167,0.0739170137237,0.0740015317073,0.0742792336537,0.0742913076514,0.0743154556467,0.0740377537003,0.0742188636654,0.0742550856584,0.074122271684,0.074013605705,0.0742067896677,0.0742430116607,0.0741705676747,0.073941161719,0.073977383712,0.0741705676747,0.0740619016957,0.073941161719,0.0738566437353,0.0738204217423,0.0738445697377,0.0737359037586,0.073723829761,0.0732167218589,0.0729993899009,0.0728545019289,0.0729510939102,0.0728424279312,0.0726009479779,0.0726009479779,0.0723594680245,0.0723836160198,0.0723111720338,0.0722990980362,0.0721179880711,0.0719127301108,0.0719851740968,0.0720696920805,0.0719248041084,0.0716229541667,0.0715505101807,0.0717195461481,0.0716108801691,0.0714659921971,0.071321104225,0.071284882232,0.070813996323,0.0704759243883,0.0703431104139,0.0704034804023,0.0704638503906,0.0698963725002,0.0697152625352,0.0697514845282,0.0696548925469,0.0696669665445,0.0696911145399,0.0697394105305,0.0697514845282,0.0698601505072,0.0695824485608,0.0697394105305,0.0698963725002,0.0700412604722,0.0701861484442,0.0697635585259,0.0696669665445,0.0698601505072,0.0698842985025,0.0700533344699,0.0699567424886,0.0699688164862,0.0699567424886,0.0702102964396,0.0700533344699,0.0701257784559,0.0704759243883,0.0704276283976,0.070813996323,0.070850218316,0.071067550274,0.07113999426,0.0713694002157,0.0717316201458,0.0718161381294,0.0717557681411,0.0718282121271,0.0721662840618,0.0722628760431,0.0724922819988,0.0725647259848,0.0727941319405,0.0730718338869,0.0732770918473,0.0735306457983,0.0736996817656,0.0742792336537,0.0747863415558,0.0749553775231,0.0752451534672,0.0754624854252,0.0761024073016,0.0761748512876,0.0764646272316,0.076778551171,0.076995883129,0.0769475871383,0.0769113651453,0.0772011410894,0.077176993094,0.0776116570101,0.0778169149704,0.0778289889681,0.0782032828958,0.0785534288282,0.0789639447489,0.0791329807163,0.0790726107279,0.0793503126743,0.0797729025927,0.080159270518,0.0804007504714,0.0804007504714,0.0807388224061,0.0812942262988,0.0815719282452,0.0819341481752,0.082670662033,0.0829725119747,0.0833105839094,0.0836003598534,0.0836848778371,0.0837331738278,0.0838176918115,0.0843489477088,0.0848802036062,0.0852062015433,0.0852062015433,0.0854959774873,0.085870271415,0.0863411573241,0.0862928613334,0.0866430072658,0.0869327832098,0.0866430072658,0.0870293751911,0.0870897451795,0.0874519651095,0.0878504070326,0.0880556649929,0.0882488489556,0.08838166293,0.0886472908787,0.0887680308553,0.0888042528483,0.0891906207737,0.0894683227201,0.0898305426501,0.0900358006105,0.0904704645265,0.0904946125219,0.0906153524986,0.0909775724286,0.0910620904123,0.0909172024403,0.0913760143516,0.0918831222537,0.0924747481394,0.0925834141184,0.0925109701324,0.0928248940718,0.0929697820438,0.0934648159482,0.0935131119389,0.0937425178946,0.0936821479062,0.0936700739086,0.0937545918922,0.0938391098759,0.0940805898293,0.0942616997943,0.0944428097593,0.0947688076964,0.0948774736754,0.0947929556917,0.0951551756217,0.0950948056334,0.0951189536287,0.0951551756217,0.0953845815774,0.0951793236171,0.0953845815774,0.0954087295728,0.0956622835238,0.0961814654235,0.0961935394212,0.0965436853536,0.0964591673699,0.0964470933722,0.0964470933722,0.0965678333489,0.0964108713792,0.0963867233839,0.0962659834072,0.0965074633605,0.0963867233839,0.0967730913092,0.0968213872999,0.0968213872999,0.0967730913092,0.0968334612976,0.0967489433139,0.0969421272766,0.0969300532789,0.0968817572883,0.0968455352953,0.0965436853536,0.0963867233839,0.0965316113559,0.0969904232673,0.0970024972649,0.0971232372416,0.0972681252136,0.0970870152486,0.0970387192579,0.097509605167,0.097219829223,0.0970024972649,0.0970628672533,0.0968817572883,0.0970507932556,0.0971715332323,0.0969662752719,0.0972077552253,0.0973888651903,0.0971111632439,0.09718360723,0.0972439772183,0.0975337531623,0.0972681252136,0.097654493139,0.0978597510994,0.0980529350621,0.0983547850038,0.0983668590014,0.0986566349455,0.0988015229175,0.0990792248638,0.0993569268102,0.0993327788149,0.0994052228009,0.0996467027542,0.100093440668,0.100226254642,0.100177958652,0.100467734596,0.100383216612,0.100624696565,0.101047286484,0.101385358418,0.102037354293,0.102230538255,0.102423722218,0.102749720155,0.103317198045,0.103377568034,0.103631121985,0.103993341915,0.10417445188,0.104053711903,0.104053711903,0.104403857835,0.104754003768,0.105647479595,0.106275327474,0.106613399409,0.107265395283,0.107458579245,0.107736281192,0.108231315096,0.108339981075,0.108569387031,0.109004050947,0.109173086914,0.109643972823,0.110006192753,0.110634040632,0.111442998476,0.111672404432,0.112215734327,0.112264030317,0.11245721428,0.112698694233,0.113012618173,0.113761206028,0.113990611984,0.114135499956,0.114715051844,0.115439491704,0.116115635573,0.116707261459,0.11727473935,0.117624885282,0.118735693067,0.119411836937,0.120148350795,0.120595088708,0.121186714594,0.121754192484,0.122297522379,0.122587298323,0.123420404163,0.123770550095,0.124362175981,0.12483306189,0.125352243789,0.126294015608,0.127151269442,0.127911931295,0.12861222316,0.129348737018,0.129879992915,0.130435396808,0.130809690735,0.131123614675,0.131485834605,0.13218612647,0.133248638264,0.133900634138,0.134130040094,