# R script for Peak Model
#  -- generated by MACS
p <- c(0.0341570434304,0.0356252068081,0.0369154109884,0.0383613294664,0.0396960234461,0.0410529623255,0.042332044056,0.0436333706862,0.0450347993649,0.0463472484449,0.047526228127,0.048972146605,0.0503068405847,0.0515303100661,0.0529762285441,0.0542886776241,0.0557902083513,0.0571026574313,0.05850408611,0.0597386780412,0.0610733720209,0.0624414333501,0.0636871477312,0.0648327600637,0.0662341887424,0.0661785764933,0.065933882597,0.065867147898,0.0656558213512,0.0655668417526,0.0652554131573,0.065144188659,0.0653443927559,0.0655334744031,0.0656113315519,0.0655890866522,0.0655334744031,0.0656446989014,0.0657559233997,0.0656224540017,0.0655334744031,0.0654778621539,0.0655112295034,0.0653666376556,0.0652665356071,0.0653221478563,0.0651775560085,0.0652442907075,0.0650885764098,0.0648661274132,0.0647104131156,0.0646992906658,0.0647882702644,0.0646548008664,0.0646548008664,0.0648105151641,0.0647993927142,0.0647882702644,0.0646881682159,0.0646436784166,0.064943984562,0.0647104131156,0.0646436784166,0.0647660253647,0.0647993927142,0.0649217396624,0.0649884743614,0.065144188659,0.0649662294617,0.0650329641607,0.0647993927142,0.0646992906658,0.0646325559668,0.0646548008664,0.064554698818,0.0641765355237,0.0643878620705,0.0645324539183,0.0650218417109,0.0650885764098,0.0651886784583,0.0654111274549,0.0654667397041,0.0653777601054,0.0655445968529,0.065666943801,0.0656891887007,0.0655668417526,0.0655445968529,0.0658115356488,0.0660339846455,0.0659894948461,0.0661452091438,0.0662675560919,0.0664900050885,0.0664232703895,0.0665789846872,0.066656841836,0.0667458214346,0.0670572500299,0.0671351071787,0.066790311234,0.0669015357323,0.0670794949296,0.067179596978,0.0670572500299,0.0670572500299,0.067112862279,0.0671573520784,0.0671573520784,0.0670238826804,0.0673019439262,0.0672908214763,0.0673353112757,0.0673019439262,0.0670794949296,0.0669571479814,0.0669793928811,0.0670461275801,0.0672352092272,0.0677245970197,0.0677579643692,0.0680805154143,0.0681583725631,0.0682251072621,0.0686811277052,0.0685699032069,0.0686366379059,0.0683029644109,0.0683140868608,0.0684698011584,0.0684253113591,0.0682695970614,0.0684475562587,0.0681361276635,0.0680693929645,0.0681361276635,0.0685476583072,0.0686477603557,0.0686477603557,0.0685810256567,0.0687256175045,0.068692250155,0.0688590869025,0.0689925563005,0.0690148012001,0.0690815358991,0.0691149032486,0.0690815358991,0.0690148012001,0.0690815358991,0.069615413491,0.0694930665428,0.0694263318439,0.0694263318439,0.0694485767435,0.0697377604391,0.0698267400378,0.0698044951381,0.0700380665845,0.0703272502801,0.070405107429,0.0704607196781,0.0705608217266,0.0706386788754,0.0705274543771,0.0706164339757,0.0704940870276,0.0705941890761,0.0705830666263,0.0705052094774,0.0706942911246,0.0706498013252,0.070861127872,0.0707499033737,0.0707165360242,0.0708277605225,0.0706053115259,0.0706831686747,0.0706053115259,0.0705941890761,0.0705496992768,0.0707721482734,0.0709056176713,0.0711169442181,0.0711614340175,0.0711391891178,0.0710168421697,0.0711391891178,0.0711948013669,0.0711836789171,0.0710946993185,0.0711725564673,0.0711725564673,0.0711725564673,0.0711614340175,0.0713838830141,0.0714728626127,0.0716285769104,0.0716174544605,0.0716953116093,0.0713838830141,0.0713282707649,0.0713950054639,0.0713950054639,0.0714951075124,0.0713727605642,0.0713505156646,0.0714283728134,0.0714061279137,0.0712949034154,0.0711169442181,0.071128066668,0.0711614340175,0.0711503115676,0.071584087111,0.0714728626127,0.0714839850625,0.0713838830141,0.0714506177131,0.0713393932147,0.0712504136161,0.0712170462666,0.0710946993185,0.0710835768686,0.070861127872,0.0708722503219,0.0710835768686,0.0711948013669,0.0714283728134,0.0715062299622,0.0716285769104,0.0717064340592,0.0714839850625,0.0717064340592,0.0715284748619,0.0715729646612,0.071517352412,0.071584087111,0.071784291208,0.0718843932565,0.0720512300039,0.0720957198032,0.0720734749036,0.0719844953049,0.0720067402046,0.0718287810073,0.0718732708066,0.0719288830558,0.0718621483568,0.0717509238585,0.071784291208,0.0719511279554,0.0720623524538,0.0720623524538,0.0718955157063,0.0719622504053,0.072240311651,0.0720957198032,0.0721068422531,0.0721179647029,0.0724071483985,0.0725183728968,0.0722625565507,0.0721958218517,0.0720512300039,0.0724293932982,0.072373781049,0.0726073524955,0.0725628626961,0.0725517402463,0.0727630667931,0.0728854137412,0.0734304137829,0.0737863321775,0.0742757199701,0.0743980669182,0.0743869444684,0.0743535771189,0.0743424546691,0.0744981689667,0.074542658766,0.0744425567175,0.0748652098111,0.0749208220603,0.0752544955552,0.0755103119013,0.0756215363996,0.0756771486488,0.0755770466003,0.0757327608979,0.0759552098945,0.0760664343928,0.0762888833895,0.0764779650366,0.0768561283308,0.0772009242756,0.0774011283725,0.0775790875698,0.0780128631132,0.0784021488573,0.0788025570512,0.0788248019509,0.0790472509475,0.0794365366916,0.0799481693838,0.0803708224774,0.0802262306296,0.0808713327197,0.0811271490659,0.0814385776611,0.0813384756126,0.0814941899103,0.0819502103533,0.0824618430455,0.0826842920422,0.082895618589,0.0832070471842,0.0834294961808,0.0837298023263,0.084007863572,0.0840857207208,0.0845639860636,0.0841969452192,0.084274802368,0.0841524554198,0.0843860268663,0.0846863330117,0.0850978636554,0.0853203126521,0.0856428636972,0.0859209249429,0.0862212310884,0.0862879657873,0.0863435780365,0.0868440882789,0.0868663331785,0.0871221495247,0.0873779658708,0.0878673536633,0.0880119455111,0.0879785781616,0.0882788843071,0.0884012312552,0.0885680680027,0.0888350067986,0.0887571496498,0.0887682720996,0.0890240884457,0.0890018435461,0.0892799047918,0.0893911292901,0.0897248027851,0.0898471497332,0.0899694966813,0.0900251089305,0.0899138844322,0.0901808232281,0.0901697007783,0.0901808232281,0.0902253130274,0.0904477620241,0.0907703130692,0.0908704151176,0.090914904917,0.0911929661627,0.0907925579688,0.0909593947163,0.0909037824671,0.0909593947163,0.0911039865641,0.0912152110624,0.0910594967648,0.0915155172078,0.0919270478516,0.0921161294987,0.0922607213465,0.0924609254434,0.0924164356441,0.0927056193397,0.0926277621909,0.092750109139,0.0926166397411,0.0925276601424,0.0926722519902,0.0925499050421,0.0926055172912,0.0926500070906,0.0926277621909,0.0925276601424,0.0925499050421,0.0925499050421,0.0926388846407,0.0929058234367,0.0929948030353,0.0927834764885,0.0931393948831,0.0933618438797,0.0934841908279,0.0936843949248,0.0937511296238,0.0937956194231,0.0940514357692,0.0941626602676,0.0941515378177,0.0944184766137,0.0944184766137,0.0945074562123,0.0946409256103,0.0948411297072,0.0952192930015,0.0957198032439,0.0960645991886,0.0963426604344,0.0965094971818,0.09663184413,0.0971323543724,0.0972991911198,0.0978998034107,0.0981667422066,0.0985337830511,0.0987784769473,0.0990120483938,0.0991343953419,0.0991010279924,0.0995792933352,0.0998462321311,0.100090926027,0.100535824021,0.100980722014,0.101514599606,0.101581334305,0.102070722097,0.102704701738,0.102815926236,0.103105109932,0.103550007925,0.104095007966,0.104195110015,0.104473171261,0.104940314154,0.105529803995,0.10584123259,0.106230518334,0.10647521223,0.106908987774,0.107009089822,0.107342763317,0.107465110265,0.108121334805,0.108388273601,0.108855416494,0.109055620591,0.109545008384,0.109856436979,0.110212355373,0.110723988066,0.111135518709,0.111458069754,0.111969702447,0.112092049395,0.112169906544,0.112470212689,0.112959600482,0.113393376025,0.11372704952,0.114438886309,0.11502837615,0.115095110849,0.115829192538,0.116162866033,0.116819090573,0.117542049812,0.118020315155,0.118654294795,0.11901021319,0.119555213231,0.120089090823,0.120367152069,0.121012254159,0.121512764401,0.122135621592,0.123036540028,0.123481438022,0.124604805454,0.125138683046,0.126095213732,0.126706948472,0.127752458757,0.128597764944,0.128998173138,0.129676642577,0.130043683422,0.130699907962,0.131522969249,0.132290418288,0.133246948973,0.133803071465,0.1347484797,0.13539358179,0.136305622676,0.136961847216,0.137751541154,0.138396643245,