# R script for Peak Model
#  -- generated by MACS
p <- c(0.0358603659331,0.0372869099826,0.0384183069874,0.0399432333851,0.0411730127381,0.042796321484,0.0438293361405,0.04525588019,0.0466824242394,0.048551688856,0.0500274240796,0.051453968129,0.0528805121785,0.0540119091833,0.0551924973621,0.056373085541,0.0582423501575,0.0599640412517,0.0612430117788,0.0628171293507,0.0640469087036,0.0651783057084,0.0672443350214,0.0686216878968,0.069556320205,0.069113599638,0.0693103643344,0.0692119819862,0.0688676437674,0.0693103643344,0.0692611731603,0.069113599638,0.0686708790709,0.0684249232003,0.0687692614191,0.0695071290309,0.0690644084638,0.0687692614191,0.068720070245,0.0684249232003,0.069113599638,0.0690644084638,0.068720070245,0.0696055113791,0.0699990407721,0.0697530849015,0.0702449966427,0.0697038937274,0.0696547025533,0.069556320205,0.0698514672497,0.0699990407721,0.0700974231203,0.0700482319462,0.0701958054686,0.0700482319462,0.0704909525133,0.0705893348615,0.0708352907321,0.0703925701651,0.0705893348615,0.0701466142945,0.0705893348615,0.0705401436874,0.0706385260357,0.0706877172098,0.0700482319462,0.069556320205,0.069556320205,0.0693103643344,0.0693103643344,0.0694087466827,0.0687692614191,0.0686708790709,0.0690152172897,0.0690152172897,0.0686216878968,0.0682773496779,0.0682773496779,0.0679822026332,0.0690152172897,0.068720070245,0.0689168349415,0.0689168349415,0.0688676437674,0.0685724967226,0.0687692614191,0.0696055113791,0.0698022760756,0.0701958054686,0.069949849598,0.0698514672497,0.0694087466827,0.0688676437674,0.0684741143744,0.0688676437674,0.0689660261156,0.0687692614191,0.0691627908121,0.0692119819862,0.069113599638,0.0690644084638,0.069113599638,0.0689168349415,0.068720070245,0.068720070245,0.0686216878968,0.0686216878968,0.0680313938073,0.0677362467626,0.0671951438473,0.0673919085438,0.0672443350214,0.0673427173696,0.0668999968026,0.0668508056285,0.0665556585837,0.0665556585837,0.066654040932,0.0668508056285,0.0669983791508,0.0673427173696,0.0672443350214,0.0673427173696,0.0673919085438,0.0676870555885,0.0675886732402,0.0674410997179,0.0671951438473,0.0674410997179,0.0668508056285,0.066654040932,0.0667032321061,0.0663588938873,0.0661129380167,0.0660145556684,0.0664572762355,0.0661621291908,0.0656210262755,0.0651291145343,0.0651783057084,0.0647847763154,0.0649323498378,0.064588011619,0.0645388204448,0.0644404380966,0.0640960998778,0.0643912469225,0.0640469087036,0.0634074234401,0.0634566146142,0.0632598499177,0.0633090410918,0.0634566146142,0.0636533793107,0.0635058057883,0.0631122763954,0.0625219823059,0.0623744087836,0.0625219823059,0.062964702873,0.0629155116989,0.0622268352612,0.0623252176095,0.0623744087836,0.0626203646542,0.0628663205248,0.0631122763954,0.0633090410918,0.0627187470024,0.0625711734801,0.0622760264353,0.0624727911318,0.062128452913,0.0619316882165,0.0617841146941,0.0618333058683,0.062128452913,0.0625219823059,0.0620300705647,0.0619808793906,0.0621776440871,0.0617841146941,0.062128452913,0.0619808793906,0.0623252176095,0.0616365411718,0.0612430117788,0.0612922029529,0.0617841146941,0.0620792617389,0.0627679381765,0.062964702873,0.0635058057883,0.0633090410918,0.0632106587436,0.0634566146142,0.0631614675695,0.0629155116989,0.0628171293507,0.0628171293507,0.0625219823059,0.0626695558283,0.0621776440871,0.062128452913,0.062128452913,0.0626203646542,0.0634074234401,0.0636041881366,0.0633090410918,0.0632106587436,0.0637025704848,0.063358232266,0.0635058057883,0.0637025704848,0.0634566146142,0.0636533793107,0.0636533793107,0.063358232266,0.0635549969624,0.063800952833,0.0635549969624,0.0631122763954,0.0640469087036,0.0638993351813,0.0639485263554,0.0636041881366,0.0636533793107,0.0636533793107,0.0641452910519,0.0635549969624,0.0637517616589,0.0640469087036,0.0640469087036,0.0642928645742,0.0645388204448,0.0646372027931,0.0646863939672,0.0651783057084,0.064194482226,0.064194482226,0.0636533793107,0.0632106587436,0.0628663205248,0.0636533793107,0.0637025704848,0.063358232266,0.0636533793107,0.0640960998778,0.0642928645742,0.0639485263554,0.0644404380966,0.0639977175295,0.0646863939672,0.0647355851413,0.0644896292707,0.0649323498378,0.0645388204448,0.0646372027931,0.0647355851413,0.0646372027931,0.064588011619,0.0652766880566,0.0652274968825,0.0655718351013,0.0651783057084,0.0653750704049,0.0653750704049,0.0651291145343,0.0657194086237,0.0659161733202,0.0665556585837,0.0667524232802,0.0662113203649,0.0659653644943,0.0660145556684,0.0665556585837,0.0667032321061,0.0668016144543,0.0667032321061,0.0674410997179,0.0671459526732,0.0669491879767,0.0668016144543,0.0673919085438,0.0668016144543,0.0667032321061,0.0674410997179,0.0679330114591,0.0693595555086,0.0695071290309,0.0700482319462,0.0702449966427,0.0703433789909,0.0703433789909,0.0708844819063,0.0713763936475,0.0713763936475,0.0717699230404,0.0721634524334,0.0723110259557,0.0727045553487,0.0731472759158,0.0732948494381,0.0738359523534,0.0745738199652,0.0745738199652,0.0749673493582,0.0754592610994,0.0760495551888,0.0764922757559,0.0775252904124,0.0783123491983,0.078607496243,0.0785091138948,0.0795421285513,0.0792469815066,0.0794437462031,0.0800832314666,0.0798864667701,0.0797880844219,0.0795421285513,0.0804275696854,0.0805751432078,0.0815097755161,0.0812638196455,0.0818541137349,0.081903304909,0.0826411725208,0.0832806577844,0.0831822754361,0.0842644812668,0.0844612459632,0.0852974959233,0.0852483047492,0.0858385988386,0.0866256576245,0.086428892928,0.0865272752763,0.0862813194057,0.0865272752763,0.0867240399727,0.0874127164104,0.0885933045893,0.0881505840222,0.0881013928481,0.0882489663705,0.0887900692858,0.088052201674,0.0883965398928,0.0890852163305,0.0893803633752,0.0897738927682,0.0899706574646,0.0900690398129,0.0904625692058,0.0901674221611,0.0904133780317,0.0905609515541,0.09051176038,0.0905609515541,0.0896755104199,0.0890852163305,0.0889868339822,0.0895771280717,0.0900690398129,0.0903149956835,0.0900198486388,0.0902166133352,0.09051176038,0.0907577162506,0.0912496279917,0.0912496279917,0.0914955838623,0.0917415397329,0.0921350691259,0.0919383044294,0.0922826426483,0.0924302161706,0.0923810249965,0.0927745543895,0.09302051026,0.0937091866977,0.0935124220012,0.0939551425683,0.0941027160907,0.0939551425683,0.0943978631354,0.0943978631354,0.0951357307472,0.0952341130954,0.0958244071849,0.0965130836225,0.0955292601401,0.0964147012743,0.0967590394931,0.0966606571449,0.0966606571449,0.0974969071049,0.0972509512343,0.0969066130155,0.0960703630555,0.0960211718813,0.0965130836225,0.0958244071849,0.095480068966,0.0955292601401,0.0961195542296,0.0973001424084,0.098333157065,0.0985791129356,0.099169407025,0.0995137452438,0.0998088922885,0.100202421682,0.1005467599,0.101284627512,0.101924112776,0.102022495124,0.102416024517,0.102416024517,0.102760362736,0.102957127432,0.103596612696,0.103793377392,0.104678818526,0.104777200875,0.105416686138,0.105662642009,0.10615455375,0.106646465491,0.105957789053,0.105957789053,0.106646465491,0.107138377232,0.107236759581,0.107433524277,0.107138377232,0.107384333103,0.107335141929,0.107777862496,0.107925436018,0.107482715451,0.108761685978,0.108761685978,0.108909259501,0.110188230028,0.110630950595,0.110532568247,0.111811538774,0.112696979908,0.113779185738,0.114172715131,0.114172715131,0.115008965091,0.115304112136,0.116337126793,0.116140362096,0.115402494484,0.115451685659,0.116435509141,0.116632273837,0.117173376753,0.118403156106,0.118255582583,0.117763670842,0.118304773757,0.118944259021,0.11953455311,0.120518376593,0.121010288334,0.121748155946,0.122486023558,0.122879552951,0.123863376433,0.124453670522,0.125043964612,0.125191538134,0.125585067527,0.125781832224,0.12681484688,0.127847861537,0.127847861537,0.128979258541,0.12932359676,0.130553376113,0.132127493685,0.133308081864,0.134144331824,0.134882199436,0.13517734648,0.135423302351,0.136702272878,0.136948228749,0.137341758142,0.138866684539,0.138768302191,0.139801316848,0.140834331504,0.141080287375,0.14221168438,0.142752787295,0.14413014017,0.144523669563,0.145753448916,