# R script for Peak Model
#  -- generated by MACS
p <- c(0.03840772064,0.0401455737755,0.0414868698198,0.0429214734149,0.0444260576732,0.0460589398139,0.0474818799652,0.0488115125656,0.0502811064923,0.0516690563119,0.0530220158,0.0545382635022,0.0559378767657,0.0572091921467,0.0586904495173,0.0600317455615,0.0614546857128,0.0628193086447,0.0644755176732,0.0660150922631,0.067379715195,0.0687793284586,0.0701789417221,0.0716951894242,0.0730131585807,0.0729781682491,0.0730948026878,0.0731764467948,0.0732347640141,0.0732114371264,0.0732114371264,0.0733630618966,0.0731064661316,0.0735263501107,0.0734447060037,0.0734796963352,0.0734796963352,0.0732114371264,0.073246427458,0.0734330425598,0.0734563694475,0.0734796963352,0.0731881102387,0.0732930812334,0.0731764467948,0.073328071565,0.0731064661316,0.0732580909018,0.0733164081212,0.0734796963352,0.0733747253405,0.0732347640141,0.0733747253405,0.0733747253405,0.0732580909018,0.0730831392439,0.0731297930194,0.0732114371264,0.0731764467948,0.0732814177896,0.0733630618966,0.0731881102387,0.073328071565,0.0734796963352,0.0735613404423,0.0737712824318,0.0737362921002,0.0737829458757,0.0734213791159,0.0734680328914,0.0735380135546,0.07358466733,0.0738295996511,0.0738879168704,0.07409785886,0.0740512050845,0.0740628685284,0.0738995803143,0.0737596189879,0.0740278781968,0.0738879168704,0.0737596189879,0.0738995803143,0.0736196576616,0.0736079942177,0.0735380135546,0.0733747253405,0.073328071565,0.0734447060037,0.0731531199071,0.073503023223,0.073503023223,0.0738295996511,0.0739812244213,0.0741445126354,0.0738529265388,0.073666311437,0.0734097156721,0.0732231005703,0.0730948026878,0.0731531199071,0.0729781682491,0.0731647833509,0.0731647833509,0.0733513984528,0.0732114371264,0.0730714758,0.0731181295755,0.0730831392439,0.0728848606982,0.0729665048053,0.072989831693,0.0730248220246,0.0731181295755,0.0730364854685,0.0728965241421,0.0728148800351,0.0732114371264,0.073328071565,0.0730364854685,0.0729665048053,0.0730014951369,0.0727448993719,0.072651591821,0.0725349573824,0.0725699477139,0.0724183229437,0.0724999670508,0.0722433712858,0.0720684196278,0.072138400291,0.0721850540665,0.0719751120769,0.0719051314138,0.0720334292963,0.0719284583015,0.0720800830717,0.0722433712858,0.072056756184,0.0722783616174,0.0720101024085,0.0718934679699,0.071543564654,0.0715902184295,0.0713569495522,0.0714969108786,0.0716601990927,0.0718234873067,0.0719167948576,0.0717884969751,0.0719284583015,0.0719401217454,0.071543564654,0.0715319012102,0.0715552280979,0.0716018818733,0.0717068528681,0.0717535066436,0.0718234873067,0.0719634486331,0.0718701410822,0.071800160419,0.0714385936593,0.0711936613381,0.0711586710066,0.0711353441188,0.0711586710066,0.0707854408029,0.0707971042468,0.0708320945784,0.0710653634557,0.0710187096802,0.0710886903434,0.071205324782,0.0712636420013,0.0712753054452,0.0713219592206,0.0710653634557,0.0714735839909,0.0715319012102,0.0714502571031,0.0712519785575,0.0713569495522,0.0716135453172,0.071461920547,0.0718118238629,0.0716135453172,0.0714269302154,0.0714852474347,0.0714502571031,0.0715319012102,0.0715668915418,0.0716601990927,0.0714269302154,0.0715319012102,0.0713686129961,0.0713219592206,0.0711586710066,0.071123680675,0.0716018818733,0.0713569495522,0.0714036033277,0.0715902184295,0.0716485356488,0.0714735839909,0.0715668915418,0.0716135453172,0.0714036033277,0.0712986323329,0.0714036033277,0.071461920547,0.0715202377663,0.0717535066436,0.0720217658524,0.072056756184,0.0719167948576,0.0719984389647,0.0719284583015,0.0720684196278,0.0721500637349,0.0721034099594,0.0721617271788,0.0721733906226,0.0719751120769,0.0720334292963,0.0720217658524,0.0722200443981,0.0724183229437,0.0724999670508,0.0725932746017,0.0725699477139,0.0729665048053,0.0731764467948,0.0728848606982,0.0727915531473,0.0726982455964,0.0730481489123,0.0730364854685,0.0731064661316,0.0731297930194,0.0731997736825,0.0731881102387,0.0731997736825,0.0732114371264,0.0734796963352,0.0735963307739,0.0738062727634,0.0739578975336,0.0738879168704,0.0735146866668,0.0736079942177,0.0736779748809,0.0737596189879,0.0739812244213,0.074261147074,0.0742378201863,0.0740861954161,0.0742144932986,0.0745643966145,0.0746227138338,0.0749026364865,0.0750192709251,0.0751242419199,0.0754158280165,0.0755907796744,0.0759523464341,0.0761039712044,0.0762905863062,0.0761156346482,0.0760923077605,0.0762905863062,0.0764655379641,0.0765355186273,0.0767921143923,0.0769437391625,0.0770253832695,0.0770137198257,0.0772236618152,0.077153681152,0.0772936424784,0.0775619016872,0.0775035844679,0.0774569306924,0.0778651512276,0.0780167759978,0.0782500448751,0.078261708319,0.0785416309717,0.0787632364051,0.0791364666087,0.0794980333684,0.0796846484702,0.0799295807913,0.0799412442352,0.0799878980106,0.0802444937756,0.0805010895406,0.0808509928565,0.081317530611,0.0816207801514,0.081994010355,0.0825188653289,0.0828920955325,0.083020393415,0.0832886526238,0.0835685752765,0.0842683819083,0.084548304561,0.0846532755557,0.0850964864225,0.0849798519839,0.0853180918559,0.0856213413963,0.085819619942,0.0859712447122,0.0862045135895,0.0864960996861,0.0868460030019,0.0870909353231,0.0874991558583,0.0875691365214,0.0876274537407,0.0880240108321,0.0881289818268,0.0881056549391,0.0884788851427,0.0886888271322,0.0889570863411,0.0892253455499,0.0895285950904,0.0897152101922,0.089901825294,0.0900767769519,0.090240065166,0.0902983823853,0.0901817479467,0.0903333727169,0.090240065166,0.0902750554976,0.0902983823853,0.0901234307274,0.0902983823853,0.0902867189414,0.0906016319257,0.0905316512626,0.0906482857012,0.0906949394766,0.0905199878187,0.0904150168239,0.0905316512626,0.0906716125889,0.0904849974871,0.0904849974871,0.0904733340432,0.0904849974871,0.0906599491451,0.0904150168239,0.0906716125889,0.0904500071555,0.0901467576151,0.090496660931,0.0906482857012,0.0905433147064,0.0907066029205,0.0905899684819,0.0905666415942,0.0905549781503,0.0904849974871,0.0908582276907,0.0910565062364,0.0910798331241,0.0912547847821,0.0912781116698,0.0911498137873,0.0912781116698,0.0913014385575,0.091091496568,0.0909748621293,0.0910798331241,0.0908698911346,0.0907882470275,0.0910798331241,0.0913014385575,0.0912081310066,0.0914763902154,0.0914530633277,0.0913947461084,0.0917796397559,0.0917796397559,0.0919779183015,0.0919079376384,0.09194292797,0.0920828892963,0.0923978022806,0.0928293497035,0.0928993303667,0.0928643400351,0.0931675895755,0.093295887458,0.0933308777896,0.0934125218967,0.0935991369985,0.0937857521003,0.0939373768705,0.0941239919723,0.0940540113091,0.0942872801864,0.0942989436302,0.0948821158234,0.0951503750322,0.0952903363586,0.0954302976849,0.0959901429903,0.0957452106692,0.0961534312044,0.0966199689589,0.0968765647239,0.0972847852591,0.0972497949275,0.0974014196977,0.0976696789066,0.0979612650031,0.0982645145436,0.0989293308437,0.0991742631648,0.0993958685982,0.0998274160212,0.0998507429089,0.100072348342,0.10045724199,0.101040414183,0.101145385178,0.101413644386,0.101775211146,0.102055133799,0.10260331566,0.102848247982,0.103093180303,0.10362969872,0.103641362164,0.104329505352,0.104726062444,0.105099292647,0.105180936754,0.105519176626,0.105752445503,0.106160666039,0.106533896242,0.106953780221,0.107303683537,0.107362000756,0.107665250297,0.107956836393,0.108388383816,0.108318403153,0.108843258127,0.109029873229,0.109449757208,0.109764670192,0.110172890727,0.110534457487,0.111164283456,0.111374225445,0.111922407307,0.112027378302,0.112318964398,0.112832155928,0.11332202057,0.113765231437,0.114056817534,0.114744960722,0.11522316192,0.115643045899,0.116167900873,0.116891034392,0.117415889366,0.118045715335,0.118792175742,0.119317030716,0.119853549133,0.12029676,0.121101537627,0.121766353927,0.122372853008,0.123037669308,0.123819120047,0.124763859,0.125323704305,0.125673607621,0.126350087365,0.126863278895,0.12778469096,0.128321209378,0.128787747132,0.129219294555,0.129942428075,0.130572254043,0.131330377894,0.131960203863,0.132928269704,0.133744710774,0.134129604421,0.134561151844,0.135109333706,0.135750823118,