# R script for Peak Model
#  -- generated by MACS
p <- c(0.0363404105365,0.0377528507352,0.0393448384168,0.0407812182799,0.0423133568006,0.0437736763281,0.0453536941775,0.0467661343762,0.0482743332325,0.0496388941024,0.050979515308,0.0524398348355,0.0538283353698,0.055145016911,0.0564856381165,0.0581135352947,0.0595738548222,0.0610820536785,0.0628057095142,0.0642660290417,0.0657622580658,0.0671866680967,0.0686110781276,0.070131246816,0.0716155060079,0.0713521696997,0.0715317171826,0.0715436870147,0.0717112646654,0.0718189931552,0.0719865708059,0.0719506613093,0.0720942992956,0.0721302087922,0.0720344501346,0.0719267216449,0.0719267216449,0.0719506613093,0.0718908121483,0.0716155060079,0.0717232344976,0.0717112646654,0.0716514155045,0.0718189931552,0.0719865708059,0.07211823896,0.0721421786244,0.0720823294634,0.0723815752682,0.0725730925833,0.0729441573813,0.0729321875491,0.0726927909052,0.0728483987237,0.0725970322477,0.0726329417443,0.0724174847648,0.072429454597,0.0723097562751,0.0724055149326,0.0725132434223,0.0724533942614,0.0724773339258,0.0724055149326,0.0725012735901,0.0721780881209,0.0720942992956,0.0719506613093,0.0717711138264,0.0718309629874,0.0716155060079,0.0713282300353,0.0714479283572,0.0715077775182,0.0714598981894,0.0713042903709,0.071376109364,0.0712564110421,0.0711367127202,0.0711726222168,0.0710050445661,0.0710050445661,0.0708853462442,0.0709811049017,0.0712923205387,0.0713521696997,0.0712564110421,0.0713880791962,0.0713162602031,0.0716155060079,0.0715197473504,0.0714718680216,0.0716873250011,0.0716633853367,0.0717232344976,0.0715077775182,0.0716274758401,0.0713282300353,0.0711127730558,0.071124742888,0.071184592049,0.0713880791962,0.0715436870147,0.0715197473504,0.0717591439942,0.0717830836586,0.0718668724839,0.0718908121483,0.0721421786244,0.0722499071141,0.0720105104703,0.0721302087922,0.0721780881209,0.0724055149326,0.0723456657716,0.0723576356038,0.072429454597,0.0723815752682,0.0724653640936,0.0722858166107,0.0723576356038,0.0728124892272,0.072740670234,0.0725970322477,0.0726209719121,0.0726927909052,0.0725730925833,0.0724653640936,0.0726449115765,0.0725491529189,0.072489303758,0.0724773339258,0.0725371830867,0.072489303758,0.0720703596312,0.0722020277853,0.0721421786244,0.0720823294634,0.0719865708059,0.0718309629874,0.0720344501346,0.0720224803024,0.0718549026517,0.0719147518127,0.0717711138264,0.0720344501346,0.0720823294634,0.0724773339258,0.0725730925833,0.0723336959394,0.0722020277853,0.0720703596312,0.0719267216449,0.072058389799,0.0721780881209,0.0723576356038,0.0725012735901,0.072680821073,0.0727167305696,0.0727287004018,0.0728603685559,0.0730638557032,0.0731237048642,0.0731356746963,0.0733271920114,0.0733990110046,0.0734827998299,0.0735905283197,0.0734827998299,0.073674317145,0.0738538646279,0.0737461361382,0.074045381943,0.0737700758026,0.0736384076484,0.0738299249635,0.0738179551313,0.0740693216074,0.0740094724464,0.0741770500971,0.0741172009361,0.0741531104327,0.0744523562375,0.0744284165731,0.074607964056,0.0743925070766,0.0744643260697,0.0743087182512,0.0746319037204,0.0747994813711,0.0748234210355,0.0747037227136,0.0745720545595,0.0746797830492,0.074727662378,0.0746199338882,0.0746558433848,0.0745959942238,0.0746199338882,0.0749431193574,0.0752064556657,0.0751944858335,0.075290244491,0.0750747875115,0.0749909986862,0.0747037227136,0.0749311495252,0.0746558433848,0.07435659758,0.0741172009361,0.0743805372444,0.0743326579156,0.07435659758,0.0741052311039,0.0741291707683,0.0741411406005,0.0739975026142,0.0740214422786,0.0741291707683,0.074296748419,0.0741890199293,0.0741531104327,0.0739615931176,0.0744044769088,0.0747635718745,0.0748713003643,0.0748593305321,0.0747516020423,0.0748593305321,0.0747516020423,0.0750508478472,0.0751346366725,0.0749550891896,0.0752782746588,0.075601460128,0.0758408567719,0.0759844947582,0.0761281327445,0.0759485852616,0.0757450981143,0.0758049472753,0.0760802534157,0.0764632880459,0.0763794992205,0.0763794992205,0.0764632880459,0.0762358612342,0.075972524926,0.0760922232479,0.0758887361006,0.0756972187856,0.0756253997924,0.0759605550938,0.0760084344226,0.0758288869397,0.0759844947582,0.0756134299602,0.0757929774431,0.0758887361006,0.0760802534157,0.075972524926,0.0757091886177,0.0757211584499,0.0758767662684,0.0757570679465,0.0757929774431,0.0761520724089,0.0762957103952,0.0763435897239,0.0763435897239,0.0764752578781,0.0766787450253,0.0767266243541,0.0769420813336,0.0771814779774,0.0770378399911,0.0771216288165,0.0774208746213,0.0774089047891,0.0775645126076,0.0777320902583,0.0778278489158,0.077899667909,0.0778517885802,0.0776722410973,0.0778039092514,0.0779595170699,0.0781630042172,0.0783066422035,0.0784502801898,0.0785460388474,0.0786896768337,0.078773465659,0.078893163981,0.0793480176043,0.0798028712276,0.0800183282071,0.0805450008235,0.080449242166,0.0809160656215,0.081131522601,0.0812991002517,0.0814786477345,0.0815504667277,0.0818138030359,0.0820891091764,0.0824122946456,0.0827713896113,0.0831185147449,0.0835015493751,0.0837768555155,0.0842077694744,0.0845070152793,0.084925959406,0.0854286923581,0.0857279381629,0.0857399079951,0.0859433951424,0.085919455478,0.0860870331287,0.0862546107794,0.0863862789335,0.0863264297725,0.0863982487657,0.086170821954,0.0864461280944,0.0867812833958,0.0870924990328,0.0875832621527,0.0878705381254,0.0878705381254,0.0881458442658,0.088720396211,0.0888161548686,0.0892350989953,0.0894505559748,0.089713892283,0.0900610174166,0.0904679917111,0.090647539194,0.0908390565091,0.0908629961735,0.0909826944954,0.0913417894612,0.0913178497968,0.0910425436564,0.0913417894612,0.0913776989578,0.091952250903,0.0918325525811,0.0919043715742,0.0922155872112,0.0921557380503,0.0924789235195,0.0925986218414,0.0927183201633,0.092945746975,0.0930534754647,0.0930415056325,0.0930654452969,0.093256962612,0.0934006005983,0.093316811773,0.0932210531154,0.0932330229476,0.0934724195915,0.093508329088,0.0935921179134,0.0938075748928,0.0941187905299,0.0943222776771,0.0945497044888,0.0947412218039,0.0946694028107,0.0949087994546,0.0952559245881,0.095184105595,0.0955312307286,0.0953397134135,0.0951960754272,0.0952080452594,0.095124256434,0.0950404676087,0.0952080452594,0.0952080452594,0.0952439547559,0.0950045581121,0.0948848597902,0.0947053123073,0.0947412218039,0.0948489502936,0.0949447089511,0.0949447089511,0.0948010709648,0.0947172821395,0.0950284977765,0.0951122866018,0.0954474419032,0.0954115324066,0.0959980541841,0.0965247268006,0.0965247268006,0.0964529078074,0.0965127569684,0.0968120027732,0.0970035200883,0.0970753390814,0.0969676105917,0.0973386753896,0.0975062530403,0.0975062530403,0.0976259513623,0.0978773178383,0.0982364128041,0.0984997491123,0.0985715681055,0.0988708139103,0.0989426329034,0.0991102105541,0.0989426329034,0.099289758037,0.0994214261911,0.099600973674,0.0997326418281,0.0997685513247,0.0996249133384,0.0999480988076,0.0997805211569,0.100271284277,0.100642349075,0.101204931188,0.10149220716,0.101671754643,0.101635845147,0.101971000448,0.102078728938,0.102318125582,0.1024737334,0.102916617191,0.103311621654,0.103431319976,0.103586927794,0.103706626116,0.104101630578,0.104364966887,0.104580423866,0.105047247322,0.105190885308,0.105346493126,0.105119066315,0.105238764637,0.105681648428,0.1059689244,0.106196351212,0.106495597017,0.106699084164,0.10678287299,0.106986360137,0.107261666277,0.107740459565,0.108015765705,0.108374860671,0.108686076308,0.109140929931,0.109105020435,0.109667602548,0.109906999192,0.110493520969,0.110924434928,0.111439137712,0.111618685195,0.111929900832,0.11240869412,0.113258552206,0.113761285158,0.114335837103,0.114802660559,0.115233574517,0.115317363343,0.115987673946,0.116215100757,0.116717833709,0.117184657165,0.118178153237,0.11884846384,0.119315287295,0.120093326388,0.120572119675,0.121182581117,0.121733193398,0.122295775511,0.122978055946,0.123768064871,0.124486254802,0.125264293895,0.125755057015,0.126162031309,0.126449307282,0.127191436878,0.127813868152,0.128448269258,0.128867213385,0.129741011135,0.130483140731,