# R script for Peak Model
#  -- generated by MACS
p <- c(0.038087358578,0.0394916857312,0.0410364455998,0.0424508036613,0.0439253471722,0.0452594579678,0.0467640942035,0.0482085449897,0.0495827794182,0.051007168388,0.0524917428071,0.0540164408592,0.055611355269,0.0571159915046,0.058650720465,0.0599848312606,0.0613089111479,0.0627633928424,0.0642479672615,0.0658127889466,0.0671970542834,0.0686515359778,0.0702163576629,0.0716307157244,0.0732356610424,0.0734061864824,0.0734162173906,0.0734764028401,0.073516526473,0.0733058774,0.0732055683177,0.0734061864824,0.0735365882895,0.0734964646565,0.0736770210048,0.0736368973719,0.0738074228119,0.0739578864355,0.0739578864355,0.0741685355085,0.0742487827744,0.0740381337014,0.0740281027931,0.0738575773531,0.0738074228119,0.0737171446378,0.0739177628025,0.0739478555272,0.0738174537201,0.0737372064542,0.073516526473,0.0734663719318,0.0733861246659,0.0733058774,0.0733058774,0.0734864337483,0.0735666810142,0.073727175546,0.0737171446378,0.0737071137295,0.0737572682707,0.0738074228119,0.0736870519131,0.0738274846284,0.073767299179,0.073937824619,0.0738876700778,0.0740782573343,0.0738475464449,0.0736268664636,0.073767299179,0.0738876700778,0.0739879791602,0.0740281027931,0.0739779482519,0.0740581955178,0.0741986282332,0.0742688445908,0.0744594318474,0.0745597409297,0.0745798027462,0.0744092773062,0.0744995554803,0.0747703900027,0.0746098954709,0.0746098954709,0.0745798027462,0.0743089682238,0.0742588136826,0.0740481646096,0.0740381337014,0.0741785664167,0.0743490918567,0.0744393700309,0.074529648205,0.0746801118286,0.0746901427368,0.0744694627556,0.0744794936638,0.0743691536732,0.0742387518661,0.0743390609485,0.0743691536732,0.0744494009391,0.0744293391226,0.0744092773062,0.0743490918567,0.0742788754991,0.0743490918567,0.0746801118286,0.074529648205,0.074359122765,0.0743089682238,0.0742387518661,0.0742989373156,0.0743791845815,0.0747904518192,0.0748907609016,0.0752819663228,0.0754023372217,0.0753120590475,0.0753822754052,0.0752819663228,0.0753120590475,0.0752619045064,0.0752017190569,0.075161595424,0.0751515645157,0.0752017190569,0.0753822754052,0.0755327390288,0.0758136044594,0.075542769937,0.0755327390288,0.0755929244782,0.0756330481111,0.0755126772123,0.0756029553864,0.0757734808265,0.0758637590006,0.0756330481111,0.0754725535793,0.075372244497,0.0753622135887,0.075542769937,0.0756129862947,0.0756932335606,0.0758136044594,0.0758236353677,0.0760142226242,0.076174717156,0.0762750262383,0.0763251807795,0.0764957062196,0.0765358298525,0.0763953971372,0.0763251807795,0.0763151498713,0.0762549644219,0.0760242535324,0.0761045007983,0.0763552735042,0.076385366229,0.076385366229,0.0762850571466,0.0760543462571,0.0758938517253,0.0756230172029,0.0755929244782,0.0756932335606,0.075713295377,0.0755126772123,0.0756531099276,0.0758236353677,0.0759038826336,0.0756832026523,0.0756129862947,0.0756129862947,0.0758838208171,0.075713295377,0.07558289357,0.0753622135887,0.0754223990382,0.0751816572405,0.0751415336075,0.0752719354146,0.075332120864,0.0755126772123,0.075332120864,0.0753822754052,0.0755227081205,0.0757333571935,0.0756731717441,0.0756430790194,0.0752418426899,0.0751014099746,0.0749810390757,0.0749810390757,0.0751014099746,0.0750713172498,0.0752117499652,0.0750011008922,0.0749609772592,0.0748807299933,0.0748406063604,0.0749910699839,0.0747202354615,0.0748506372686,0.074950946351,0.0748907609016,0.0748706990851,0.0748105136357,0.0750011008922,0.0748706990851,0.0749208536263,0.0751014099746,0.0750813481581,0.0749810390757,0.0748907609016,0.0747703900027,0.0746600500121,0.074740297278,0.0745196172968,0.0742688445908,0.0743290300403,0.0744895245721,0.0747102045533,0.0745898336544,0.0741183809673,0.0742487827744,0.0739879791602,0.0742287209579,0.0742889064073,0.074569771838,0.074780420911,0.0747202354615,0.0747503281862,0.0747603590945,0.0748907609016,0.0747603590945,0.0746600500121,0.0745497100215,0.074740297278,0.0745898336544,0.0748205445439,0.0746299572874,0.0746299572874,0.0745998645627,0.0746600500121,0.0745597409297,0.0745597409297,0.0748305754521,0.0749409154428,0.0749910699839,0.0749910699839,0.0750311936169,0.0753521826805,0.0751816572405,0.0752017190569,0.0754524917629,0.0756731717441,0.0756832026523,0.0756731717441,0.0757233262853,0.0758436971841,0.0758436971841,0.0760744080736,0.0763051189631,0.076345242596,0.0765659225772,0.076937066182,0.0771778079797,0.077358364328,0.0774887661351,0.0774987970433,0.0776793533916,0.0781006515376,0.0783614551518,0.0788830623801,0.0789833714625,0.0794447932414,0.0794748859661,0.079595256865,0.0798159368462,0.0800265859192,0.0803776677075,0.0806685640464,0.0807387804041,0.0806284404134,0.0809193367523,0.0810898621924,0.0814309130725,0.0816114694207,0.0820127057502,0.0823537566303,0.0828553020422,0.0831161056564,0.0833869401788,0.0837279910588,0.0840590110307,0.0842796910119,0.0844301546355,0.0846909582497,0.0848715145979,0.0853229054686,0.0857442036146,0.0859347908711,0.086265810843,0.0867071708054,0.0867874180713,0.0869178198784,0.0873591798408,0.0878607252527,0.0883923633893,0.0887434451776,0.0890142797,0.0892951451307,0.0896061032861,0.0901277105144,0.0903584214039,0.0904085759451,0.0905891322933,0.0907295650087,0.0911709249711,0.0914417594935,0.0914016358606,0.0914317285853,0.0916223158418,0.0917828103736,0.0919934594466,0.0922342012443,0.0923545721431,0.0925752521244,0.0924548812255,0.0924849739502,0.0925953139408,0.0928360557385,0.0929764884539,0.0933777247834,0.0934980956822,0.0936886829387,0.0938090538376,0.0941099810847,0.094290537433,0.0942002592589,0.0942303519836,0.0941400738094,0.0941801974424,0.0938792701953,0.093869239287,0.0937288065717,0.0938190847458,0.0937889920211,0.0940497956353,0.0940899192682,0.094120011993,0.0942704756165,0.0940999501765,0.0939896101859,0.0940397647271,0.0940297338188,0.0938491774705,0.0937187756635,0.093488064774,0.0933275702422,0.0935482502234,0.0932673847928,0.0931771066186,0.0929664575456,0.0927558084726,0.0927156848397,0.0927758702891,0.0928059630138,0.0927758702891,0.0929163030044,0.0932874466092,0.093237292068,0.0934579720493,0.0931670757104,0.0930767975362,0.0928661484633,0.0929062720962,0.0927758702891,0.0928360557385,0.0927758702891,0.092474943042,0.0921138303454,0.0923545721431,0.0921740157949,0.0920135212631,0.0918028721901,0.0917727794654,0.0917125940159,0.0915922231171,0.0914818831265,0.0918229340066,0.0920636758043,0.0921639848866,0.092304417602,0.092645468482,0.092896241188,0.093106890261,0.0932272611598,0.0931470138939,0.093277415701,0.0930767975362,0.0931269520774,0.093237292068,0.0933376011504,0.0934379102328,0.0936485593058,0.0935281884069,0.0935883738564,0.0937488683882,0.0937990229294,0.0936786520305,0.0940899192682,0.0943306610659,0.0943005683412,0.0947820519366,0.0949525773767,0.0951933191744,0.0952835973485,0.0953337518897,0.0953738755226,0.0953738755226,0.0955544318709,0.0955945555039,0.0958152354851,0.0961161627322,0.0963970281629,0.0966678626853,0.0969788208407,0.0971092226477,0.097500428069,0.0979116953067,0.0981825298292,0.0982527461868,0.0985737352504,0.0990652497541,0.0997473515142,0.0997573824225,0.0996370115236,0.099907846046,0.1003391751,0.100258927834,0.100208773293,0.100439484183,0.10056988599,0.10068022598,0.100780535063,0.100800596879,0.100930998686,0.101211864117,0.101332235016,0.101793656795,0.102325294931,0.10278671671,0.103077613049,0.103308323939,0.10369952936,0.104090734781,0.104461878386,0.104762805633,0.105103856513,0.105615432833,0.105655556466,0.10580602009,0.106056792796,0.105956483713,0.106337658226,0.106267441869,0.106779018189,0.107210347243,0.107551398123,0.107942603544,0.108383963507,0.10859461258,0.109086127083,0.109407116147,0.109547548862,0.109938754284,0.110390145154,0.110991999649,0.111333050529,0.111844626849,0.112366234077,0.112667161324,0.113048335837,0.113499726708,0.113760530322,0.114482755715,0.115245104741,0.115846959235,0.116519030087,0.116930297325,0.11781301725,0.118314562662,0.118936478973,0.119427993476,0.120180311594,0.120922598804,0.121544515114,0.121875535086,