# R script for Peak Model
#  -- generated by MACS
p <- c(0.0349099674872,0.036041503048,0.0374244909557,0.0384931634298,0.0398971056997,0.0412800936073,0.0428307164129,0.0441508412338,0.0453242855191,0.0464977298044,0.0480064438855,0.0494103861554,0.0505209673539,0.0519249096238,0.0533288518937,0.0547327941636,0.0559691015356,0.0574359068922,0.0587769860754,0.0600342478096,0.061563916253,0.0629888128851,0.0642251202571,0.0659014692361,0.067305411506,0.0671587309703,0.0667605980878,0.0669072786234,0.06678155245,0.0666767806388,0.0666558262766,0.0669282329857,0.0667186893633,0.06678155245,0.0668444155367,0.06678155245,0.0667186893633,0.06678155245,0.066865369899,0.0668025068123,0.0670330047969,0.0671377766081,0.066865369899,0.06678155245,0.066865369899,0.0669491873479,0.0670330047969,0.0669072786234,0.0671587309703,0.0672425484192,0.0672006396948,0.0678502249241,0.0677035443885,0.0680388141843,0.0679549967353,0.0680807229087,0.0679549967353,0.0679549967353,0.0681645403577,0.0685207645157,0.0682902665311,0.0683321752556,0.0685836276024,0.0687303081381,0.0689188973982,0.0688560343115,0.068897943036,0.0687512625003,0.068897943036,0.0688560343115,0.0686883994136,0.0686045819647,0.0687931712248,0.0686255363269,0.0685836276024,0.0686883994136,0.0687931712248,0.0688560343115,0.0690236692094,0.0690655779339,0.069254167194,0.0696313457143,0.0695894369898,0.0694218020919,0.0690865322961,0.0691913041073,0.0692332128318,0.0691703497451,0.0695265739031,0.0695684826276,0.0693170302807,0.0695894369898,0.0692751215563,0.0689398517605,0.0690027148472,0.0691074866584,0.0691703497451,0.0691703497451,0.0691284410206,0.0692751215563,0.0689188973982,0.0684788557912,0.068814125587,0.0690655779339,0.0693170302807,0.0691703497451,0.0694427564542,0.0694427564542,0.0697570718877,0.0693170302807,0.069694208801,0.0695475282653,0.0695684826276,0.0694637108164,0.0694218020919,0.0699247067856,0.0698618436989,0.0699456611478,0.0700923416835,0.0704276114793,0.0706371551017,0.0708676530863,0.0705952463772,0.0703228396681,0.0706371551017,0.070490474566,0.0706162007394,0.070490474566,0.0704695202038,0.0705323832905,0.0704485658415,0.0703437940304,0.0703228396681,0.0704695202038,0.0709514705352,0.0709724248975,0.07137055778,0.0716639188513,0.0716639188513,0.0719363255604,0.0720201430093,0.0715801014023,0.0714962839534,0.0716429644891,0.0717686906625,0.0716220101268,0.0717477363002,0.0717686906625,0.072083006096,0.0722506409939,0.0725020933408,0.0725440020653,0.0723763671674,0.0721877779072,0.0723554128051,0.0722506409939,0.0719363255604,0.0723554128051,0.0720201430093,0.0723554128051,0.0719153711981,0.0723135040807,0.0723344584429,0.0722715953562,0.0720201430093,0.0715381926779,0.0718734624737,0.0722506409939,0.0719782342849,0.0717477363002,0.0713076946933,0.0710562423464,0.0713076946933,0.0714543752289,0.0713496034177,0.0715172383156,0.0716639188513,0.0720410973716,0.0723344584429,0.0722925497184,0.0724182758918,0.0722087322695,0.0722925497184,0.0722296866317,0.0719572799226,0.0718315537492,0.0716429644891,0.0714962839534,0.0715172383156,0.0713915121422,0.0715591470401,0.0722506409939,0.0725440020653,0.072606865152,0.0725020933408,0.0726697282387,0.0726906826009,0.0729002262233,0.0726697282387,0.0722715953562,0.0724182758918,0.0726697282387,0.0729421349478,0.0733402678303,0.0729211805855,0.0731097698457,0.0731516785701,0.0728373631366,0.0729211805855,0.0731097698457,0.0734240852792,0.0730049980345,0.0729840436722,0.0729002262233,0.0729840436722,0.0730888154834,0.0731516785701,0.0728373631366,0.0729840436722,0.0732564503813,0.0735498114526,0.0739479443352,0.0740527161463,0.0742622597687,0.0741155792331,0.0739060356107,0.0739269899729,0.0736336289016,0.0735707658149,0.0735707658149,0.0734869483659,0.0735079027282,0.0738222181617,0.0741365335953,0.07455562084,0.0748280275491,0.0749747080848,0.0747232557379,0.0744298946666,0.0744298946666,0.0742203510442,0.0733612221925,0.0733402678303,0.0733612221925,0.0734869483659,0.0734240852792,0.0734450396415,0.0732145416569,0.073403130917,0.0735288570904,0.0735079027282,0.0731726329324,0.0732564503813,0.0729211805855,0.0727954544121,0.0725440020653,0.0727325913254,0.0727954544121,0.0727116369632,0.0726697282387,0.0726278195142,0.0729211805855,0.0731097698457,0.0738641268862,0.0738012637995,0.0736336289016,0.073403130917,0.0735498114526,0.0735079027282,0.073759355075,0.073843172524,0.073843172524,0.0738012637995,0.0739479443352,0.0742413054065,0.0742413054065,0.0743251228554,0.0746813470135,0.0748280275491,0.0751213886204,0.0751842517072,0.0754776127785,0.0753309322428,0.0755404758652,0.0752471147939,0.0755195215029,0.0755823845897,0.0762110154568,0.0767767832372,0.0772377792064,0.077908318798,0.0786836302008,0.0792703523434,0.0792913067056,0.0796265765014,0.0800875724707,0.0803599791797,0.0806742946133,0.0805276140776,0.0811143362203,0.0814286516538,0.0818477388986,0.0819944194342,0.0823715979545,0.0827906851993,0.0833774073419,0.0833774073419,0.0836079053265,0.0842993992803,0.0845927603517,0.0852213912188,0.0854728435656,0.086038611346,0.0856614328258,0.0859338395348,0.0866253334887,0.0872120556313,0.0873168274425,0.0877778234117,0.0877359146872,0.0882178650187,0.0883435911921,0.0888464958858,0.0888255415236,0.0891608113194,0.0898732596354,0.0903971186914,0.0904599817781,0.0904599817781,0.0904599817781,0.0909419321095,0.0911724300942,0.0914029280788,0.091423882441,0.0920106045836,0.0922830112927,0.0925344636396,0.0924925549151,0.0924506461906,0.0924087374661,0.0923458743794,0.0922830112927,0.092220148206,0.0925973267263,0.0924925549151,0.0923458743794,0.0923668287417,0.0921363307571,0.0928487790731,0.0924506461906,0.0927020985375,0.0932050032312,0.0928697334354,0.0926811441752,0.0928906877976,0.0932050032312,0.0936031361137,0.0936869535626,0.0938336340983,0.0939593602717,0.0937707710116,0.0940431777207,0.0939803146339,0.094336538792,0.0946089455011,0.0946508542255,0.0947346716745,0.0949861240213,0.0950280327458,0.0954680743528,0.0955518918017,0.0952375763682,0.0949651696591,0.0953004394549,0.0952166220059,0.0948184891234,0.0943994018787,0.0950070783836,0.0952585307304,0.0954471199905,0.0952585307304,0.0952375763682,0.0957195266996,0.0961805226688,0.0960967052199,0.0960338421332,0.0956357092507,0.096012887771,0.0960757508577,0.0961595683066,0.0960967052199,0.09628529448,0.0961805226688,0.0961595683066,0.096369111929,0.0962433857556,0.0965367468269,0.0970396515206,0.0968929709849,0.0976682823877,0.097521601852,0.0973539669541,0.0976682823877,0.0981502327191,0.0984226394282,0.0984855025149,0.0987998179485,0.0990722246576,0.0987788635863,0.098841726673,0.0991141333821,0.0990093615709,0.0990303159331,0.0992189051932,0.0994074944534,0.0994074944534,0.0994494031779,0.0994284488156,0.0994284488156,0.0993655857289,0.0992608139177,0.0997637186114,0.100119942769,0.0999313535093,0.100182805856,0.100916208534,0.101377204504,0.101020980346,0.101083843432,0.101314341417,0.101817246111,0.102194424631,0.102068698458,0.101796291748,0.102110607182,0.102131561544,0.102697329325,0.103095462207,0.103661229988,0.103661229988,0.104017454146,0.104289860855,0.105002309171,0.105379487691,0.105756666211,0.106657703787,0.106573886339,0.106594840701,0.106762475599,0.106657703787,0.107349197741,0.107852102435,0.108124509144,0.108208326593,0.108208326593,0.108522642027,0.108501687664,0.108690276924,0.109339862154,0.109339862154,0.109318907792,0.109570360138,0.10986372121,0.109884675572,0.11024089973,0.110722850061,0.110911439322,0.111351480929,0.111938203071,0.111812476898,0.112084883607,0.112629697025,0.113006875545,0.11342596279,0.113572643326,0.11361455205,0.114033639295,0.114683224524,0.114850859422,0.115102311769,0.114913722509,0.115500444652,0.116066212432,0.116527208401,0.116694843299,0.117009158733,0.117847333222,0.117700652686,0.117470154702,0.118371192278,0.119020777507,0.119544636563,0.11979608891,0.120215176155,0.120403765415,0.120278039242,0.120655217762,0.121304802991,0.121514346614,0.122163931843,0.122310612379,0.12222679493,0.12298115197,0.123588828475,