# R script for Peak Model
#  -- generated by MACS
p <- c(0.0322904148191,0.0334175956239,0.0344121669222,0.0356388048568,0.0369980522979,0.0388545853881,0.0399817661929,0.0410094898678,0.0426671086984,0.043893746633,0.0451203845676,0.0464796320086,0.0478720318263,0.0493638887738,0.0507231362148,0.0521486884091,0.0535410882268,0.0550660975509,0.0562927354855,0.0576188305499,0.0589117732377,0.0601052587957,0.0612324396005,0.0627574489246,0.063917782106,0.0633873440802,0.0633541917036,0.0629232108077,0.0626579917948,0.0629232108077,0.0629563631843,0.0634868012101,0.0635531059633,0.0636857154697,0.0638514773528,0.0635531059633,0.0634536488335,0.0637851725996,0.0640503916124,0.063917782106,0.0643487630019,0.0642161534955,0.0646802867681,0.0643819153786,0.0649786581576,0.0651444200406,0.0650781152874,0.0647797438979,0.0649786581576,0.0650118105342,0.065111267664,0.0649123534043,0.0651775724172,0.0653433343003,0.0657411628196,0.0653101819237,0.0650781152874,0.065111267664,0.0650449629108,0.0652438771704,0.0646471343914,0.0644150677552,0.0643819153786,0.063917782106,0.0635531059633,0.0632547345738,0.0632547345738,0.0631884298206,0.0630226679375,0.0631221250673,0.0629895155609,0.0630889726907,0.0631884298206,0.0628237536778,0.0628900584311,0.0630889726907,0.0630889726907,0.0634536488335,0.0638514773528,0.0635862583399,0.0638846297294,0.0640503916124,0.0637188678463,0.0637188678463,0.0640835439891,0.0643487630019,0.0647465915213,0.0644482201318,0.0642493058721,0.0643156106253,0.0641498487423,0.0646471343914,0.0641498487423,0.0644813725084,0.0640835439891,0.0638183249762,0.0641830011189,0.0646471343914,0.0643819153786,0.0642493058721,0.0641498487423,0.0647465915213,0.0646139820148,0.0642824582487,0.0640172392358,0.0642824582487,0.0646802867681,0.0648128962745,0.0641498487423,0.0642161534955,0.0650118105342,0.0652770295471,0.0650118105342,0.0654096390535,0.0656748580664,0.0659400770793,0.0656748580664,0.0653433343003,0.0656417056898,0.0652438771704,0.0657411628196,0.0661721437156,0.0660395342091,0.0659732294559,0.0661389913389,0.0661058389623,0.0661721437156,0.0659732294559,0.0660063818325,0.0668683436244,0.0664042103518,0.0661721437156,0.0665036674817,0.0668351912478,0.0668020388712,0.0668020388712,0.0665368198583,0.0665368198583,0.0668683436244,0.0665699722349,0.0664705151051,0.0665368198583,0.066901496001,0.0667025817413,0.0669346483776,0.0669678007542,0.066901496001,0.0665036674817,0.0667025817413,0.0667357341179,0.0665368198583,0.0666031246115,0.0669346483776,0.0675313911566,0.0675313911566,0.066901496001,0.0666362769881,0.0665699722349,0.0666031246115,0.0663379055986,0.0663710579752,0.0664042103518,0.0667025817413,0.0666031246115,0.0664705151051,0.0665699722349,0.0669346483776,0.0669346483776,0.0672661721437,0.0678297625461,0.0672330197671,0.0664373627284,0.0666362769881,0.066901496001,0.0670341055074,0.0673324768969,0.0673324768969,0.0675313911566,0.0675645435332,0.0673656292735,0.0671667150139,0.0669678007542,0.0668351912478,0.0668683436244,0.066901496001,0.0667688864946,0.0669678007542,0.067067257884,0.0674319340268,0.06749823878,0.0678629149227,0.0680618291824,0.0679955244292,0.0683602005719,0.0684928100783,0.0686585719614,0.0688243338444,0.0689900957275,0.0692553147404,0.0690895528573,0.0689900957275,0.068857486221,0.0688243338444,0.0687911814678,0.068691724338,0.0690232481041,0.0695205337533,0.0697194480129,0.0701172765323,0.070481952675,0.0705814098048,0.0704488002984,0.0701504289089,0.0701172765323,0.0702498860387,0.0705151050516,0.0701835812855,0.0708797811943,0.070647714558,0.0703824955451,0.0705814098048,0.0712776097136,0.0714102192201,0.0715096763499,0.0712776097136,0.071078695454,0.0713770668435,0.071244457337,0.0713770668435,0.0714102192201,0.071675438233,0.0719075048693,0.0723384857652,0.0721064191289,0.0720069619991,0.0720069619991,0.0723384857652,0.0723053333886,0.0719738096225,0.0723384857652,0.0723716381418,0.071841200116,0.0722390286354,0.0719738096225,0.0718080477394,0.0717085906096,0.0719075048693,0.0719075048693,0.0718743524926,0.0724710952716,0.0725705524015,0.072437942895,0.0725705524015,0.0723384857652,0.0722390286354,0.0723716381418,0.0720401143757,0.0722058762588,0.0724047905184,0.0726368571547,0.072272181012,0.0725042476483,0.0731672951805,0.0733330570635,0.0735319713232,0.0735651236998,0.073631428453,0.0730678380506,0.0731009904273,0.0732004475571,0.0736977332062,0.0736645808296,0.0735319713232,0.0737971903361,0.0738634950893,0.0739961045957,0.0741618664788,0.0743607807385,0.0746259997514,0.0745265426215,0.0750238282707,0.0755211139199,0.0757863329327,0.0763499233351,0.0770792756206,0.0774771041399,0.0776097136463,0.0780075421657,0.0788031992043,0.0791015705938,0.079002113464,0.0796651609962,0.0793004848535,0.0798309228793,0.0799303800091,0.0803282085284,0.0803282085284,0.0807260370478,0.0811238655671,0.0812233226969,0.0819526749824,0.0822841987485,0.0826488748912,0.0833782271767,0.0840744270855,0.0848037793709,0.0856988935394,0.0854668269032,0.0858315030459,0.0852679126435,0.0856988935394,0.0864945505781,0.086925531474,0.0874228171232,0.0875885790063,0.0878869503958,0.0884836931748,0.0889809788239,0.0894119597199,0.0901744643819,0.0907049024077,0.0907380547843,0.0914011023165,0.0913679499399,0.0920641498487,0.0925945878745,0.092892959264,0.0935891591728,0.0936223115495,0.093920682939,0.0938212258091,0.0938875305623,0.0937880734325,0.0938543781857,0.094086444822,0.0945837304712,0.0947163399776,0.0948157971075,0.0946168828478,0.0945837304712,0.0954456922631,0.0954456922631,0.0955451493929,0.095710911276,0.0962745016783,0.0963739588082,0.0964071111848,0.0967386349509,0.0971033110936,0.097070158717,0.0970038539638,0.0977663586258,0.0981310347686,0.0979652728855,0.0974016824831,0.0975674443662,0.0972690729767,0.0981641871452,0.0988272346774,0.100120177365,0.100319091625,0.0998218059757,0.099622891716,0.100053872612,0.100252786872,0.0998549583523,0.0999544154822,0.100153329742,0.100451701131,0.100319091625,0.100451701131,0.101181053417,0.10094898678,0.101081596287,0.10114790104,0.100982139157,0.10094898678,0.100750072521,0.10104844391,0.101645186689,0.102109319962,0.102341386598,0.102540300858,0.102971281754,0.102639757988,0.102507148481,0.102971281754,0.103269653143,0.103766938792,0.104032157805,0.104032157805,0.104860967221,0.105623471883,0.105424557623,0.105126186233,0.105722929012,0.106054452779,0.105988148025,0.105789233766,0.106253367038,0.105954995649,0.105490862376,0.105325100493,0.105623471883,0.106319671791,0.106419128921,0.106850109817,0.10691641457,0.106551738428,0.105822386142,0.106253367038,0.106352824168,0.106618043181,0.106087605155,0.106385976545,0.107380547843,0.107910985869,0.107977290622,0.108010442999,0.108109900128,0.108574033401,0.108341966765,0.109203928557,0.109900128465,0.110231652232,0.110762090257,0.11092785214,0.111458290166,0.111723509179,0.111690356802,0.112088185322,0.112751232854,0.113546889893,0.113613194646,0.114209937425,0.114508308814,0.114508308814,0.114773527827,0.114574613568,0.11513820397,0.115204508723,0.115171356347,0.115734946749,0.116729518047,0.11719365132,0.117492022709,0.117790394099,0.118652355891,0.1193485558,0.119580622436,0.120210517591,0.120840412747,0.12080726037,0.121039327007,0.121569765033,0.121636069786,0.121569765033,0.122365422071,0.122730098214,0.123459450499,0.124321412291,0.124885002694,0.125050764577,0.126542621524,0.127139364303,0.127238821433,0.12717251668,0.127636649952,0.128332849861,0.128995897393,0.128796983134,0.12892959264,0.129095354523,0.128995897393,0.129393725913,0.129725249679,0.130189382951,0.129625792549,0.130089925822,0.130222535328,0.130388297211,0.130520906718,0.129891011562,0.130123078198,0.130852430484,0.131051344743,0.13128341138,0.131747544652,0.132377439808,0.13274211595,0.132808420704,0.133438315859,0.133504620612,0.133703534872,0.134499191911,0.134963325183,0.135261696573,0.135593220339,0.135526915586,0.136057353612,0.136620944014,0.13695246778,0.137615515312,0.138013343832,0.137681820065,0.138145953338,0.13870954374,0.138610086611,