# R script for Peak Model
#  -- generated by MACS
p <- c(0.0360525260507,0.0373454149919,0.0388926427413,0.0402491163846,0.0415843951272,0.0431316228766,0.04480602003,0.0460565191699,0.0473917979126,0.0489814154633,0.0504226687093,0.0520334811607,0.0534959293074,0.0549583774541,0.0564420205014,0.0579680533501,0.0594305014968,0.0608293649414,0.0621222538827,0.0639026255395,0.0653226838848,0.0667003524288,0.0679932413701,0.0693285201127,0.070684993756,0.070748578458,0.0707061886567,0.0708545529614,0.070748578458,0.0708757478621,0.0705790192526,0.070684993756,0.0710453070675,0.0711724764715,0.0714903999817,0.0715539846837,0.0716387642864,0.0717659336905,0.0713844254783,0.0714480101803,0.0717023489885,0.0718507132932,0.0717871285912,0.0717447387898,0.072126247002,0.0719142979952,0.0717023489885,0.0711936713722,0.0711088917695,0.0711512815709,0.070748578458,0.0708969427627,0.0707061886567,0.0705790192526,0.0707909682594,0.070684993756,0.0704942396499,0.0706637988553,0.0706426039546,0.0703882651465,0.0702187059411,0.0698583926296,0.0700067569343,0.0701339263384,0.0699219773316,0.0699855620337,0.0698371977289,0.0699219773316,0.0701551212391,0.0700491467357,0.0699431722323,0.0701975110404,0.0703034855438,0.0702187059411,0.0704942396499,0.0704094600472,0.0704306549479,0.0701763161397,0.070091536537,0.0703882651465,0.0701975110404,0.0703246804445,0.070091536537,0.0705790192526,0.0701551212391,0.0703034855438,0.0704730447492,0.0702187059411,0.0705790192526,0.0705366294512,0.0701551212391,0.0697312232255,0.0696040538215,0.0695192742188,0.06924374051,0.0694344946161,0.0695828589208,0.070091536537,0.0701127314377,0.0701127314377,0.0707273835573,0.0706002141533,0.0709817223655,0.0709605274648,0.0709817223655,0.0707061886567,0.0707061886567,0.0706002141533,0.0705578243519,0.0705790192526,0.07081216316,0.0711724764715,0.0710453070675,0.0712784509749,0.0712784509749,0.0709817223655,0.071342035677,0.0709817223655,0.0705578243519,0.0704730447492,0.0707909682594,0.0706002141533,0.0704942396499,0.0708757478621,0.07081216316,0.0710876968688,0.0714903999817,0.0715963744851,0.0718507132932,0.0716599591871,0.0718719081939,0.0719142979952,0.0718507132932,0.0717447387898,0.072253416406,0.0721686368033,0.0721050521013,0.0725289501148,0.0724229756115,0.0724441705121,0.0726561195189,0.072846873625,0.0730588226317,0.0732283818372,0.0733979410426,0.0734403308439,0.0736098900493,0.0734827206453,0.0735886951487,0.0736522798507,0.0734615257446,0.0739278135595,0.0740337880629,0.0741397625662,0.0741397625662,0.0747544146859,0.0747968044872,0.0752630923021,0.0755174311102,0.0756657954149,0.0755386260109,0.0757081852163,0.0756022107129,0.0752842872028,0.0752630923021,0.0755174311102,0.0752418974014,0.0759837189251,0.0761744730312,0.07645000674,0.0767467353494,0.077297802767,0.0777640905819,0.0778064803833,0.0774249721711,0.0773825823697,0.0772130231643,0.0773613874691,0.0772766078664,0.0775309466745,0.0778488701846,0.0778064803833,0.0781879885954,0.0782939630988,0.0781244038934,0.0782091834961,0.0786966662117,0.0786966662117,0.0784635223042,0.0784423274036,0.0784847172049,0.0788450305164,0.0786966662117,0.0787178611124,0.0786542764103,0.0787814458144,0.078611886609,0.0783363529002,0.0783787427015,0.0784635223042,0.0782939630988,0.0781032089927,0.0779124548867,0.0779760395887,0.077954844688,0.0781455987941,0.0783787427015,0.0781455987941,0.077954844688,0.0780820140921,0.0782939630988,0.0781879885954,0.0786542764103,0.0785059121056,0.0790145897218,0.0789933948212,0.079459682636,0.0792477336293,0.0795868520401,0.0790993693245,0.0788662254171,0.0787178611124,0.0789933948212,0.078739056013,0.0792689285299,0.0795232673381,0.0796292418414,0.0797776061462,0.0799259704509,0.0799471653516,0.0798411908482,0.0799259704509,0.080116724557,0.080053139855,0.0801591143584,0.0805406225705,0.0804558429678,0.0808585460807,0.0813460287962,0.0817487319091,0.0816851472071,0.0817063421077,0.0819818758165,0.0823633840287,0.0824693585321,0.082342189128,0.0824057738301,0.0826177228368,0.0826389177375,0.0827025024395,0.0831264004531,0.0832323749564,0.0835714933673,0.0840165862815,0.0841437556855,0.0838894168774,0.0840165862815,0.084440484295,0.0848643823085,0.0850127466133,0.08522469562,0.0851823058187,0.08522469562,0.085881737541,0.0864751947599,0.0867295335681,0.086665948866,0.0866447539654,0.0867507284687,0.0868778978728,0.0870898468796,0.0873653805884,0.0872170162836,0.0878316684032,0.0877680837012,0.0877256938999,0.088107202112,0.0885311001256,0.0886582695296,0.0885734899269,0.0885734899269,0.0890821675431,0.0889973879404,0.0896120400601,0.0900783278749,0.0898451839675,0.090269081981,0.0899087686695,0.0899087686695,0.0899087686695,0.0906505901932,0.0911380729088,0.0914348015182,0.0915407760216,0.0916255556243,0.092303792446,0.0927488853602,0.0934483170825,0.0937026558906,0.0940841641028,0.0941477488048,0.094529257017,0.0947412060238,0.0950803244346,0.0951439091366,0.09524988364,0.0953346632427,0.0954618326468,0.0957161714549,0.0960552898657,0.0962036541704,0.0964367980779,0.0967123317867,0.0970938399988,0.0967335266873,0.0967971113894,0.0970938399988,0.097475348211,0.0979204411252,0.0987470422516,0.0992557198678,0.0994888637753,0.0998915668881,0.0998491770868,0.100167100597,0.100781752717,0.101099676227,0.101163260929,0.101799107949,0.102477344771,0.103049607089,0.103282750996,0.104151741924,0.103960987818,0.103939792917,0.104406080732,0.104427275633,0.104935953249,0.105423435965,0.106038088084,0.106250037091,0.106652740204,0.106885884111,0.107097833118,0.107988018947,0.107903239344,0.10841191696,0.108814620073,0.109217323186,0.109492856895,0.109789585504,0.109937949809,0.110128703915,0.10998033961,0.110404237624,0.110934110141,0.111124864247,0.111252033651,0.111654736764,0.112057439876,0.112523727691,0.112841651201,0.112968820606,0.112672091996,0.112926430804,0.113011210407,0.11343510842,0.113795421732,0.113880201335,0.114070955441,0.114325294249,0.114134540143,0.114092150341,0.11404976054,0.114346489149,0.114155735043,0.114134540143,0.114452463653,0.114452463653,0.114346489149,0.114558438156,0.11468560756,0.114410073852,0.114770387163,0.115109505574,0.115257869879,0.115491013786,0.115512208687,0.115533403587,0.115363844382,0.115321454581,0.115088310673,0.115215480077,0.115088310673,0.114749192262,0.114643217759,0.114749192262,0.114558438156,0.11468560756,0.11500353107,0.114791582064,0.114558438156,0.114494853454,0.11468560756,0.114918751468,0.114939946368,0.115363844382,0.11530025968,0.115236674978,0.115045920872,0.114833971865,0.115385039283,0.115385039283,0.115575793389,0.115766547495,0.116105665906,0.116169250608,0.116105665906,0.116317614912,0.116105665906,0.115872521998,0.115808937296,0.116020886303,0.116338809813,0.116381199614,0.116783902727,0.116805097628,0.117123021138,0.117123021138,0.117250190542,0.117377359946,0.117356165046,0.117462139549,0.11750452935,0.117631698754,0.118034401867,0.118034401867,0.118246350874,0.118373520278,0.118394715179,0.11811918147,0.118203961073,0.118267545775,0.118606664185,0.118903392795,0.11968760412,0.11939087551,0.119539239815,0.119581629617,0.119645214319,0.120493010346,0.120980493061,0.121277221671,0.121298416571,0.121234831869,0.121065272664,0.121001687962,0.121340806373,0.121489170677,0.121616340082,0.121722314585,0.121340806373,0.121404391075,0.121467975777,0.121340806373,0.121679924784,0.121913068691,0.122019043194,0.1221886024,0.122400551407,0.12250652591,0.123057593328,0.123290737235,0.123714635248,0.124117338361,0.124180923063,0.124329287368,0.123884194454,0.124053753659,0.124138533262,0.124308092467,0.124202117964,0.124096143461,0.12439287207,0.124350482269,0.124329287368,0.124180923063,0.124286897567,0.125071108892,0.125622176309,0.126300413131,0.126215633528,0.126618336641,0.126809090747,0.126681921343,0.126491167237,0.127296573463,0.127466132668,0.12752971737,0.127699276576,0.127423742867,0.12721179386,0.126957455052,0.126936260151,0.126872675449,0.127381353066,0.127232988761,0.126809090747,0.126766700946,0.126618336641,0.126491167237,0.126533557038,