# R script for Peak Model
#  -- generated by MACS
p <- c(0.0349621557181,0.0365178488297,0.0378162092461,0.0391145696625,0.0405065056045,0.0419101384871,0.0431032264373,0.044354799091,0.0456999472702,0.0471386709749,0.0485773946796,0.0499225428588,0.0511390246904,0.0524607789882,0.0538995026929,0.0553031355755,0.0566833745767,0.0579934319339,0.0594438525792,0.0607656068771,0.0622043305817,0.0635143879389,0.0649765055249,0.0663450475855,0.0678305590529,0.0679007406971,0.0678890437564,0.0678773468157,0.0678422559936,0.0677720743495,0.0677018927054,0.0680761948074,0.068204861155,0.0684271030281,0.068392012206,0.0686961326639,0.0688247990115,0.0687897081894,0.068918374537,0.0692107980542,0.0691172225287,0.0690353439439,0.0690236470032,0.0689300714777,0.0687780112487,0.0687429204266,0.0689768592404,0.068918374537,0.0686142540791,0.0688832837149,0.0689300714777,0.0689066775963,0.0691874041728,0.0692692827576,0.0692809796983,0.0694213429866,0.0696552818004,0.0698424328514,0.0699594022583,0.0699827961396,0.0698541297921,0.0700763716651,0.0701465533093,0.0700763716651,0.0700295839024,0.0701114624872,0.0699360083769,0.0699477053176,0.0697956450886,0.0699594022583,0.0698424328514,0.0699009175548,0.0697722512072,0.0697488573259,0.0697371603852,0.0696435848597,0.06981903897,0.0699009175548,0.0698541297921,0.07015825025,0.0704740676486,0.0701699471907,0.0698541297921,0.0695734032155,0.0695149185121,0.0695734032155,0.069444736868,0.0692575858169,0.0691289194694,0.0691874041728,0.069444736868,0.0695734032155,0.0697839481479,0.0699710991989,0.0700295839024,0.0699944930803,0.0697605542666,0.0696903726224,0.0699477053176,0.0699009175548,0.0698541297921,0.0699243114362,0.0697137665038,0.0695967970969,0.0694681307493,0.0693628582831,0.0693277674611,0.0691757072321,0.0690002531218,0.068953465359,0.0692107980542,0.068918374537,0.0690938286473,0.0692575858169,0.0692809796983,0.0691991011135,0.0694096460459,0.0694096460459,0.069631887919,0.0695383123935,0.0698424328514,0.0699944930803,0.07015825025,0.0703103104789,0.07015825025,0.0704038860044,0.070193341072,0.0700295839024,0.0699594022583,0.0700412808431,0.0699009175548,0.06981903897,0.0700997655465,0.0700412808431,0.0701231594279,0.0698892206141,0.0699126144955,0.0699009175548,0.0698892206141,0.0696786756817,0.0695266154528,0.0696786756817,0.0695851001562,0.0694915246307,0.0695149185121,0.0697254634445,0.0695734032155,0.069631887919,0.0695967970969,0.0693277674611,0.0692692827576,0.0691874041728,0.0691874041728,0.0693628582831,0.0695967970969,0.0696435848597,0.0699710991989,0.0700880686058,0.070345401301,0.0703220074196,0.0700295839024,0.0703220074196,0.0702518257755,0.0702752196568,0.0700997655465,0.0700295839024,0.0697488573259,0.0697722512072,0.069666978741,0.0695266154528,0.0692341919356,0.0689300714777,0.0690470408846,0.0690587378252,0.0690587378252,0.0689651622997,0.0691523133507,0.0694330399273,0.0694213429866,0.0692341919356,0.0693628582831,0.0694564338087,0.0693745552238,0.0694915246307,0.06947982769,0.0695266154528,0.0695734032155,0.0696552818004,0.0694681307493,0.0695032215714,0.0695383123935,0.0693043735797,0.0691640102914,0.0689417684184,0.0690002531218,0.0692224949949,0.069292676639,0.0693511613425,0.069444736868,0.0698892206141,0.0701231594279,0.0701231594279,0.0700295839024,0.0698892206141,0.0696903726224,0.0696786756817,0.06947982769,0.0696201909783,0.0693979491052,0.0693277674611,0.0697371603852,0.0694213429866,0.0695383123935,0.0695734032155,0.0697956450886,0.0697605542666,0.0702401288348,0.0704389768265,0.0704155829451,0.0703921890637,0.0704740676486,0.0706144309368,0.0704623707079,0.070532552352,0.0705793401148,0.0705793401148,0.0706144309368,0.0703570982417,0.0706027339961,0.0707898850471,0.0704974615299,0.0706729156403,0.0708600666913,0.0709185513947,0.0709302483354,0.0709887330389,0.070906854454,0.0709653391575,0.0713513382002,0.0715150953698,0.0715150953698,0.0715735800733,0.0719127913532,0.0720765485229,0.0721935179298,0.0720999424043,0.0723221842773,0.0722286087518,0.0723455781587,0.0721818209891,0.0718660035905,0.0718309127684,0.0719829729974,0.0720999424043,0.0724976383877,0.0723221842773,0.072298790396,0.0722636995739,0.0725444261504,0.0727549710828,0.0726964863794,0.0728953343711,0.0728836374304,0.0729538190745,0.0729304251932,0.07338660588,0.0733164242359,0.0732930303545,0.0734099997614,0.0738076957448,0.0742287856096,0.0743691488978,0.0746615724151,0.0746849662964,0.0748955112288,0.0752464194495,0.0754101766191,0.0758195695432,0.0759716297722,0.0761119930604,0.0763576288149,0.0764862951625,0.0764979921032,0.0765915676287,0.0767553247983,0.0771998085445,0.0775390198244,0.0779601096892,0.0779718066299,0.0781472607402,0.0784162903761,0.0787555016561,0.0786853200119,0.079246773165,0.0796561660891,0.0799368926656,0.0802410131235,0.0807556785138,0.0808960418021,0.0809545265055,0.0815393735399,0.0819838572861,0.0823932502102,0.0828377339564,0.0829547033632,0.083527853457,0.0840191249659,0.0843583362459,0.084615668941,0.0849314863396,0.0851186373906,0.0855046364334,0.0861245742898,0.0866860274429,0.0870252387229,0.0872123897739,0.0877270551642,0.0880779633848,0.0884990532496,0.0886277195972,0.0888265675889,0.0891774758096,0.0892008696909,0.0897155350812,0.089762322844,0.0900430494205,0.0903354729377,0.0906746842177,0.0907682597432,0.0912361373707,0.0916455302948,0.0918209844052,0.0922537712106,0.0927684366009,0.092990678474,0.093142738703,0.0933766775167,0.0933766775167,0.0935638285678,0.0938445551443,0.0942071603056,0.0944878868822,0.095096127798,0.0952598849676,0.0953768543745,0.0954353390779,0.0958330350613,0.0959383075275,0.0961605494006,0.0965114576213,0.0968038811385,0.096897456664,0.0969208505454,0.0971313954778,0.097423818995,0.0975173945205,0.0975758792239,0.0973536373509,0.0975524853426,0.0975056975798,0.0976694547494,0.0978449088598,0.0976811516901,0.0973302434695,0.0974940006391,0.0975056975798,0.097610970046,0.0978916966225,0.0980203629701,0.0982659987246,0.0983829681315,0.0986169069452,0.0990496937507,0.0989912090473,0.0995760560817,0.0996228438444,0.0997047224293,0.0998333887768,0.100301266404,0.100312963345,0.100617083803,0.10073405321,0.10073405321,0.100710659328,0.101108355312,0.101155143075,0.101166840015,0.101237021659,0.101704899287,0.101892050338,0.101810171753,0.101880353397,0.101658111524,0.101669808465,0.101634717643,0.101821868694,0.101786777872,0.101938838101,0.102254655499,0.102652351483,0.102734230068,0.103014956644,0.103424349568,0.103740166967,0.103880530255,0.104091075187,0.104325014001,0.104757800807,0.105213981494,0.105693556062,0.105904100994,0.106219918393,0.10668779602,0.107307733877,0.10769373292,0.10786918703,0.107951065615,0.108021247259,0.10804464114,0.108185004428,0.108161610547,0.108348761598,0.108395549361,0.108641185115,0.108699669819,0.108910214751,0.109085668861,0.109495061786,0.109459970964,0.109705606718,0.109623728133,0.110033121057,0.110512695625,0.110617968092,0.110664755854,0.110851906905,0.111366572296,0.111799359101,0.111904631567,0.112384206136,0.112828689882,0.113214688925,0.113518809382,0.11382292984,0.114197231942,0.114279110527,0.114583230985,0.114770382036,0.11466510957,0.114782078977,0.115027714731,0.115308441308,0.115507289299,0.115752925054,0.115717834232,0.116220802682,0.116174014919,0.116443044555,0.116349469029,0.116232499622,0.116770558894,0.116910922182,0.117121467115,0.117238436521,0.117098073233,0.117682920268,0.117846677437,0.118209282599,0.118606978582,0.119156734794,0.119753278769,0.120197762516,0.120431701329,0.120560367677,0.120829397313,0.120981457542,0.121192002474,0.12129727494,0.12162478928,0.121788546449,0.122244727136,0.122513756772,0.122630726179,0.123086906866,0.123636663078,0.124151328468,0.124712781621,0.125098780664,0.125590052173,0.125695324639,0.125812294046,0.126093020623,0.126911806471,0.127297805514,0.127613622912,0.128385620998,0.12842071182,0.129005558854,0.129742466117,0.13012846516,0.130584645847,0.130900463246,0.131298159229,0.131613976628,0.131613976628,0.131555491924,0.132011672611,0.132315793069,