# R script for Peak Model
#  -- generated by MACS
p <- c(0.0357783998895,0.0373625729841,0.0387674057283,0.0400227881805,0.0413678408079,0.0426531133186,0.0440579460628,0.0453731086318,0.0468676115512,0.0483920045289,0.049707167098,0.0510821097838,0.0525467226448,0.0536526548051,0.0552368278996,0.0568807811109,0.0587937448477,0.0598100068329,0.06097571911,0.0625001120877,0.0638750547735,0.0655488980432,0.0667146103203,0.0680596629477,0.0696438360423,0.0694644956919,0.0697633962758,0.0694644956919,0.0697932863342,0.0695541658671,0.0700324068013,0.0696737261007,0.0694047155752,0.0695242758087,0.0691954851665,0.0690161448161,0.068926474641,0.068777024349,0.0690759249329,0.0692851553416,0.0692851553416,0.0691058149913,0.0689563646994,0.0690161448161,0.0688368044658,0.0682688933565,0.0681194430645,0.0679102126558,0.0680596629477,0.0685379038819,0.0685677939403,0.0682091132397,0.0681792231813,0.0677607623639,0.0676710921887,0.0678205424806,0.0678803225974,0.0679699927726,0.0679401027142,0.0676412021303,0.0682688933565,0.0682688933565,0.0684183436484,0.0686574641155,0.0683286734732,0.0680895530061,0.0675814220135,0.0680895530061,0.0682390032981,0.0681194430645,0.0681194430645,0.0678803225974,0.0684482337068,0.0688368044658,0.0687172442323,0.0690161448161,0.0685677939403,0.0686873541739,0.0685677939403,0.0686873541739,0.0685379038819,0.0686873541739,0.0688666945242,0.0686275740571,0.0691655951081,0.0695242758087,0.0695840559255,0.0698231763926,0.0697335062174,0.0695541658671,0.0694644956919,0.0701818570932,0.0701519670349,0.0705405377939,0.0705704278523,0.0708992184945,0.0710785588449,0.071317679312,0.0717959202462,0.071706250071,0.0717959202462,0.0720051506549,0.0721247108884,0.0723937214139,0.0724535015307,0.0723040512387,0.07209482083,0.0723040512387,0.0720051506549,0.0721844910052,0.0716165798958,0.0719453705381,0.0717361401294,0.0717660301878,0.0715567997791,0.0714671296039,0.0718557003629,0.0720051506549,0.0721247108884,0.07209482083,0.0720350407132,0.0720051506549,0.0718258103045,0.071706250071,0.0716165798958,0.0715567997791,0.0715269097207,0.0717361401294,0.0717959202462,0.0720350407132,0.0719752605965,0.0722741611803,0.0723638313555,0.0724833915891,0.0721844910052,0.0722143810636,0.07209482083,0.0717959202462,0.0719154804797,0.0718855904213,0.0719154804797,0.0712578991952,0.0714671296039,0.0711383389616,0.071317679312,0.0712578991952,0.0714073494871,0.0712578991952,0.0707198781442,0.070391087502,0.0705704278523,0.0704508676187,0.0703611974436,0.0705106477355,0.0708394383778,0.0710785588449,0.0712877892536,0.0713774594287,0.0718855904213,0.072244271122,0.0720051506549,0.0719453705381,0.0723339412971,0.0725132816474,0.0729018524065,0.0728420722897,0.072632841881,0.0724236114723,0.0729018524065,0.0734996535742,0.0737686640997,0.0742767950923,0.0742469050339,0.0743066851507,0.0744262453842,0.0748447062016,0.0752631670191,0.0757414079533,0.0761299787123,0.0762196488875,0.0761000886539,0.0759805284204,0.0758908582452,0.0761299787123,0.0763093190626,0.0766381097049,0.0772060208142,0.0775348114565,0.0777739319236,0.0782222827994,0.0784912933249,0.0787603038504,0.0788200839672,0.0795374453684,0.079268434843,0.0799559061859,0.0796868956604,0.0796271155436,0.0799260161275,0.0801053564778,0.0799559061859,0.0802249167114,0.0804939272368,0.0813009588133,0.0813906289885,0.0815699693388,0.0822873307401,0.0820183202146,0.0818688699227,0.0815998593972,0.082436781032,0.0824666710904,0.0824965611488,0.0821976605649,0.0822275506233,0.0824068909736,0.0822873307401,0.0823471108568,0.0818688699227,0.0816596395139,0.0816297494556,0.0813906289885,0.0814504091052,0.0814802991636,0.0815998593972,0.0817194196307,0.0817493096891,0.0811813985797,0.0808824979959,0.0805537073536,0.0810020582294,0.0812411786965,0.0810618383462,0.0808227178791,0.080972168171,0.0810618383462,0.0807928278207,0.0810020582294,0.0809123880543,0.0806732675872,0.0807629377623,0.0806134874704,0.0805238172952,0.0802846968281,0.0807031576455,0.0802548067697,0.0806732675872,0.081510189222,0.0815699693388,0.0822574406817,0.0821677705065,0.0819585400978,0.0823172207985,0.081898759981,0.082048210273,0.0817791997475,0.0812710687549,0.0813308488717,0.081510189222,0.0821677705065,0.0819286500394,0.0822275506233,0.0821079903897,0.0823770009152,0.0825862313239,0.0827057915575,0.0832139225501,0.0834231529588,0.0841704044185,0.0845589751775,0.0843198547104,0.0843198547104,0.0844095248856,0.084289964652,0.0847383155278,0.0847383155278,0.0849475459365,0.0854855669875,0.0861730383304,0.0869202897901,0.0870398500236,0.0870996301404,0.0881158921256,0.0892517143443,0.0896402851033,0.0891919342275,0.0895805049866,0.089998965804,0.0907163272053,0.0915532488401,0.0914336886066,0.0919119295408,0.0922706102414,0.0922706102414,0.0928684114092,0.0931374219346,0.0930776418179,0.0929580815843,0.0934064324601,0.0932868722266,0.0943629143285,0.0948411552627,0.0948411552627,0.0953791763137,0.0954987365472,0.0961264277734,0.0961563178318,0.0969633494082,0.0972921400505,0.0971725798169,0.0978301611014,0.0977106008679,0.0982486219189,0.0985475225027,0.0989659833202,0.0993545540792,0.099414334196,0.0999224651885,0.100131695597,0.100550156415,0.101118067524,0.1015664184,0.101954989159,0.102463120151,0.102343559918,0.102732130677,0.102762020735,0.103150591494,0.102732130677,0.102762020735,0.103180481553,0.103539162253,0.103479382137,0.103539162253,0.103479382137,0.104704874531,0.104794544706,0.104794544706,0.104376083888,0.104435864005,0.104973885056,0.10527278564,0.105511906107,0.105721136516,0.105900476866,0.105900476866,0.106558058151,0.107155859318,0.107096079201,0.107484649961,0.107365089727,0.107394979785,0.107634100252,0.107843330661,0.107962890895,0.108530802004,0.109218273347,0.109218273347,0.109666624223,0.109786184456,0.10972640434,0.109995414865,0.11008508504,0.110324205507,0.110593216033,0.111161127142,0.111101347025,0.111041566909,0.111131237084,0.110623106091,0.111639368076,0.112147499069,0.112625740003,0.112805080353,0.11286486047,0.113223541171,0.113642001988,0.113372991463,0.113223541171,0.113881122455,0.113552331813,0.113731672163,0.113402881521,0.113193651112,0.113761562222,0.113462661638,0.113402881521,0.113522441755,0.113881122455,0.113911012514,0.113701782105,0.113731672163,0.113911012514,0.114150132981,0.114030572747,0.114658263973,0.114269693214,0.114180023039,0.114747934149,0.115196285024,0.115046834732,0.115405515433,0.1156446359,0.115704416017,0.115495185608,0.115674525959,0.115554965725,0.115226175083,0.115525075667,0.1156446359,0.115525075667,0.115943536484,0.116421777418,0.117169028878,0.117378259287,0.117019578586,0.117557599637,0.117736939987,0.117438039403,0.117766830046,0.11749781952,0.117677159871,0.11731847917,0.117527709579,0.117976060454,0.11806573063,0.118304851097,0.119022212498,0.119739573899,0.119261332965,0.119380893199,0.11935100314,0.119410783257,0.119799354016,0.119948804308,0.120217814833,0.120307485009,0.120666165709,0.120785725943,0.120875396118,0.121293856935,0.120965066293,0.121084626527,0.121473197286,0.122250338804,0.122310118921,0.12287803003,0.123416051081,0.123386161023,0.123117150497,0.123565501373,0.123386161023,0.123206820672,0.123147040555,0.123266600789,0.122459569213,0.122668799621,0.12362528149,0.123326380906,0.123655171548,0.124043742307,0.123894292015,0.123356270964,0.123117150497,0.122369899037,0.122937810147,0.123176930614,0.123535611314,0.123774731782,0.123924182073,0.123924182073,0.123416051081,0.12362528149,0.123774731782,0.123535611314,0.123027480322,0.122997590263,0.122459569213,0.122519349329,0.122369899037,0.122190558687,0.122100888512,0.122758469796,0.122668799621,0.122280228862,0.122429679154,0.122579129446,0.122429679154,0.122429679154,0.122340008979,0.121801987928,0.122489459271,0.122609019504,0.122609019504,0.121981328278,0.122340008979,0.121801987928,0.121293856935,0.121323746994,0.121532977403,0.121323746994,0.122220448745,0.122310118921,0.122041108395,0.122728579738,0.122997590263,0.12287803003,0.122369899037,0.122340008979,0.122250338804,0.121861768045,