# R script for Peak Model
#  -- generated by MACS
p <- c(0.0338582234212,0.0348045712808,0.0362240930702,0.0373807404541,0.0384059506353,0.0395625980193,0.0405089458789,0.041770743025,0.0430325401712,0.0439263131497,0.045293260058,0.0467127818474,0.0481585910773,0.0494203882234,0.050655897929,0.0519965573968,0.053021767578,0.0540732651998,0.0557030865135,0.0569648836597,0.0582266808058,0.0592256035465,0.0603033886088,0.0613023113495,0.0625115336145,0.0634841689147,0.0646408162986,0.0649299781446,0.0650877027879,0.0654820143961,0.0657448888015,0.0655608767177,0.0651928525501,0.0653505771933,0.064851115823,0.0648774032635,0.0647722535014,0.0650614153473,0.0655083018366,0.0654031520744,0.0657448888015,0.0655345892771,0.0653768646339,0.0656134515988,0.0657974636826,0.0655083018366,0.0658500385637,0.0655871641582,0.0651665651095,0.0647196786203,0.0645093790959,0.0644305167743,0.0644305167743,0.0645356665365,0.0645093790959,0.0647985409419,0.0647196786203,0.0651665651095,0.0654557269555,0.0656660264799,0.0661129129691,0.0660340506475,0.066060338088,0.0663757873746,0.0664809371367,0.0662706376124,0.0661392004097,0.0659814757664,0.0658237511231,0.0656660264799,0.0657448888015,0.0659026134448,0.0654557269555,0.0652454274312,0.0652454274312,0.0655871641582,0.0659814757664,0.0661129129691,0.0659551883259,0.0664020748151,0.0665597994584,0.0667963864233,0.0664546496962,0.066060338088,0.0661917752908,0.0662969250529,0.0665597994584,0.0664020748151,0.06663866178,0.0668226738638,0.0667438115422,0.0662706376124,0.0661129129691,0.0661917752908,0.0661917752908,0.0664809371367,0.0662180627313,0.0663757873746,0.0662443501718,0.0662706376124,0.066349499934,0.0669541110665,0.0672695603531,0.067847884045,0.067795309164,0.0680056086883,0.0680844710099,0.0683736328559,0.0686102198208,0.0683999202965,0.0686890821425,0.0681633333316,0.0679793212478,0.0679004589261,0.0679267463667,0.0683210579748,0.0683473454154,0.0683736328559,0.0681633333316,0.0680056086883,0.0680056086883,0.068426207737,0.0684524951776,0.0686890821425,0.0686365072614,0.0690571063101,0.0690308188695,0.0689782439885,0.0686365072614,0.0685576449397,0.0686102198208,0.0690833937506,0.0691885435128,0.0692674058344,0.0692674058344,0.0693725555966,0.0701348913724,0.0708709397077,0.0707395025049,0.0707395025049,0.0709498020293,0.0717384252456,0.0716069880429,0.0719750122105,0.0720012996511,0.0723167489376,0.0726847731052,0.0729213600701,0.0728950726296,0.0729213600701,0.073157947035,0.0728950726296,0.0733419591188,0.0738414204892,0.0739465702513,0.0741305823352,0.0740517200135,0.0739465702513,0.0738151330486,0.0736574084054,0.0735259712026,0.0733682465594,0.0737099832864,0.0741305823352,0.0743408818595,0.0747089060271,0.0749717804326,0.075234654838,0.075234654838,0.0751557925164,0.075523816684,0.0757604036489,0.0759969906138,0.0762598650193,0.0764438771031,0.0763124399003,0.0762861524598,0.076391302222,0.0769696259139,0.0770484882356,0.0777845365708,0.0779422612141,0.0785731597872,0.0786783095493,0.0785468723466,0.0783891477033,0.0787834593115,0.0785994472277,0.0789937588359,0.0787834593115,0.0789411839548,0.078757171871,0.0789937588359,0.0792829206819,0.0794143578846,0.079388070444,0.07967723229,0.0791777709197,0.0789674713953,0.0793092081224,0.0792829206819,0.0792829206819,0.0793354955629,0.0793617830035,0.0797035197306,0.0801504062198,0.0800715438982,0.0797560946117,0.0796246574089,0.07967723229,0.0798086694927,0.0803344183036,0.0809916043172,0.0813859159254,0.0815699280092,0.0814910656876,0.0813333410443,0.0814384908065,0.0812544787227,0.081175616401,0.0813070536038,0.0812281912821,0.0809390294362,0.0808075922334,0.0807287299118,0.0809653168767,0.0814384908065,0.0817276526525,0.0816750777714,0.0818328024147,0.0825162758688,0.0824637009877,0.082332263785,0.0819642396174,0.0813596284849,0.0816487903308,0.0817802275336,0.0821482517012,0.0824374135472,0.0828580125959,0.0830945995608,0.0836992106933,0.0836203483717,0.0837254981339,0.083199749323,0.0833837614068,0.0833048990851,0.0830945995608,0.0830420246797,0.0831734618824,0.0834626237284,0.0836992106933,0.0842249595042,0.0843826841475,0.0844352590286,0.0845929836718,0.0848558580773,0.0850135827205,0.0851975948043,0.0854341817692,0.0856707687341,0.086196517545,0.0862228049856,0.0861176552234,0.0864068170694,0.0858284933774,0.0861176552234,0.0862753798667,0.0865382542721,0.0868537035586,0.0871691528452,0.0877737639777,0.0876686142155,0.0880103509426,0.0884835248724,0.0887463992778,0.0893772978509,0.0898767592212,0.0904287954727,0.0904550829132,0.0901396336267,0.0903236457105,0.0908493945214,0.0910071191646,0.0913751433323,0.091795742381,0.0922689163108,0.0928998148838,0.0937410129813,0.0939513125056,0.0941353245894,0.094450773876,0.0948976603652,0.0951605347707,0.0955022714977,0.0953182594139,0.0956074212599,0.0959754454275,0.0965800565601,0.0967640686439,0.0965011942384,0.0970795179304,0.0976315541818,0.0978681411467,0.0983413150765,0.0984990397198,0.0988407764469,0.0989722136496,0.0994979624605,0.100207723355,0.100680897285,0.101022634012,0.10139065818,0.101732394907,0.101837544669,0.102074131634,0.102810179969,0.103283353899,0.103204491577,0.103914252472,0.104177126877,0.104045689675,0.104518863604,0.104965750094,0.105228624499,0.105491498905,0.10572808587,0.106201259799,0.105806948191,0.10625383468,0.106437846764,0.106963595575,0.106674433729,0.107620781589,0.10817281784,0.108304255043,0.108251680162,0.10867227921,0.108619704329,0.108619704329,0.108751141532,0.108777428973,0.108514554567,0.108882578735,0.109014015938,0.109434614986,0.109382040105,0.109066590819,0.108987728497,0.109198028021,0.109382040105,0.109723776832,0.109750064273,0.109828926594,0.11011808844,0.110170663322,0.109881501476,0.109828926594,0.109750064273,0.110196950762,0.110170663322,0.110748987013,0.111169586062,0.111432460468,0.111590185111,0.111853059516,0.112089646481,0.112221083684,0.11298341946,0.113325156187,0.113246293865,0.113220006425,0.113666892914,0.113693180354,0.113666892914,0.114034917082,0.113929767319,0.11445551613,0.114586953333,0.114876115179,0.115033839822,0.114797252857,0.115691025836,0.116006475122,0.116453361612,0.116243062087,0.116768810898,0.11590132536,0.116321924409,0.116321924409,0.116768810898,0.116795098339,0.116611086255,0.116716236017,0.116611086255,0.116505936493,0.116663661136,0.116742523458,0.116900248101,0.116479649052,0.11687396066,0.117399709471,0.117478571793,0.117557434114,0.117688871317,0.117425996912,0.117583721555,0.117978033163,0.118976955904,0.119055818226,0.119713004239,0.119844441442,0.119870728882,0.119949591204,0.120554202337,0.120817076742,0.120843364183,0.120580489777,0.121079951147,0.121237675791,0.121053663707,0.120790789301,0.120133603288,0.11973929168,0.119844441442,0.120002166085,0.120606777218,0.120948513945,0.120869651623,0.12121138835,0.121447975315,0.120817076742,0.121053663707,0.120659352099,0.121369112993,0.12215773621,0.122368035734,0.122026299007,0.121737137161,0.121842286923,0.121973724126,0.12215773621,0.121526837637,0.121947436685,0.122052586448,0.122131448769,0.122289173412,0.122972646867,0.123419533356,0.123866419845,0.124392168656,0.124523605859,0.124707617943,0.124497318418,0.124050431929,0.124129294251,0.123945282167,0.124339593775,0.12457618074,0.125023067229,0.125154504432,0.125443666278,0.125023067229,0.125233366753,0.125338516516,0.125522528599,0.125680253243,0.125575103481,0.125496241159,0.124996779789,0.124760192824,0.124996779789,0.12457618074,0.123892707286,0.123840132405,0.124444743537,0.124497318418,0.124812767705,0.124549893299,0.124760192824,0.124444743537,0.124076719369,0.124155581691,0.124234444013,0.124076719369,0.124471030978,0.123866419845,0.124129294251,0.123734982642,0.12315665895,0.122525760377,0.122814922223,0.123314383594,0.122736059902,0.122262885972,0.122578335258,0.122578335258,0.122420610615,0.122105161329,0.122210311091,0.122026299007,0.121395400434,0.12121138835,0.120685639539,0.120133603288,0.120028453526,0.119581567036,0.119870728882,0.119870728882,0.119450129834,0.119607854477,0.119476417274,