# R script for Peak Model
#  -- generated by MACS
p <- c(0.0372264105818,0.0386058569428,0.040041226805,0.0416443671706,0.0433593545384,0.0447388008995,0.0464537882673,0.0477773111272,0.0491381163213,0.0505175626823,0.0518783678763,0.0532205319033,0.0545813370974,0.0558302952891,0.0572097416502,0.0585519056772,0.0599127108712,0.0614785689027,0.0631003504353,0.0644052321282,0.0657660373222,0.0669777131799,0.0684317242092,0.0700348645747,0.0717871342766,0.0720108282811,0.0716193637732,0.07195490478,0.0716939284414,0.0718057754437,0.0719362636129,0.0718430577777,0.071507516771,0.0715634402721,0.0715634402721,0.0718430577777,0.0719176224459,0.0717871342766,0.0716380049403,0.0715634402721,0.0714143109358,0.0713956697687,0.0711719757642,0.071041487595,0.071060128762,0.0707618700893,0.070612740753,0.0706873054212,0.071041487595,0.0714702344369,0.0715447991051,0.071526157938,0.071526157938,0.0716752872744,0.0713956697687,0.0711533345972,0.0708177935905,0.0708177935905,0.0709855640938,0.071041487595,0.0711346934302,0.0712838227665,0.0712838227665,0.0715634402721,0.0718616989448,0.07195490478,0.0720108282811,0.0718616989448,0.0717684931096,0.07195490478,0.0720294694482,0.0721413164504,0.0723836516219,0.0721413164504,0.0716380049403,0.0716566461073,0.0718430577777,0.0719362636129,0.0720667517822,0.0720294694482,0.0722904457867,0.0723650104549,0.0727751161298,0.0730360924684,0.0729242454661,0.0729056042991,0.0728310396309,0.0729242454661,0.0729056042991,0.0728123984639,0.0729988101343,0.072868321965,0.0726073456264,0.072849680798,0.0727564749628,0.0732225041388,0.0736326098137,0.0732411453058,0.0732038629718,0.0731292983036,0.0731479394706,0.0731852218047,0.0736139686467,0.073297068807,0.0732784276399,0.0738003803171,0.0736885333148,0.0740613566557,0.0739681508205,0.0740427154886,0.073744456816,0.0735953274796,0.0738190214841,0.0738003803171,0.0739122273193,0.0734461981433,0.0735580451456,0.073744456816,0.0735580451456,0.0733716334751,0.0733343511411,0.0732411453058,0.0731479394706,0.0732038629718,0.0733343511411,0.0734834804774,0.0738190214841,0.0737258156489,0.0739122273193,0.073744456816,0.0738376626512,0.0738376626512,0.0736512509808,0.0738003803171,0.0736698921478,0.0736885333148,0.07378173915,0.0737258156489,0.0736698921478,0.0738935861523,0.0738563038182,0.074191844825,0.074210485992,0.0740240743216,0.0740986389898,0.0740427154886,0.0736698921478,0.0739122273193,0.0738003803171,0.0736885333148,0.07378173915,0.0737258156489,0.0732597864729,0.0733529923081,0.0732784276399,0.0731665806377,0.0735207628115,0.0732784276399,0.0732038629718,0.0731106571366,0.0732411453058,0.0735021216444,0.0735021216444,0.0734275569763,0.0732784276399,0.0738190214841,0.0735766863126,0.073744456816,0.0739122273193,0.0741732036579,0.0742664094931,0.0747324386692,0.0749374915066,0.0750493385089,0.0753662383486,0.0753103148474,0.0752916736804,0.0752916736804,0.0753848795156,0.075552650019,0.0757017793553,0.0758695498587,0.0762050908654,0.0756085735201,0.0757390616894,0.0755340088519,0.0756085735201,0.0758322675246,0.0759254733598,0.0760373203621,0.076466067204,0.0765219907051,0.0768575317119,0.0770253022153,0.0770625845493,0.0768202493778,0.0773049197209,0.0773981255561,0.0774354078902,0.0777150253958,0.0779760017344,0.0780878487366,0.0783674662422,0.0784047485763,0.0786284425808,0.0784606720775,0.0783861074093,0.0784047485763,0.0785165955786,0.0787589307501,0.0788894189194,0.078703007249,0.0788707777524,0.0789267012535,0.0787589307501,0.0790758305898,0.0792808834273,0.0790385482557,0.0792063187591,0.079616424434,0.080045171276,0.0802875064475,0.0803434299486,0.0803620711157,0.0803620711157,0.0805298416191,0.0806603297883,0.0806416886213,0.0806603297883,0.0809213061269,0.0808281002917,0.0807908179576,0.0806044062872,0.0808653826258,0.0810145119621,0.0815178234722,0.0814991823052,0.0812754883007,0.081424617637,0.0814432588041,0.0812568471337,0.0811636412985,0.0811822824655,0.0812568471337,0.081387335303,0.0815551058063,0.0815364646393,0.0813127706348,0.0814991823052,0.0817601586438,0.0816669528086,0.081853364479,0.0818906468131,0.0819465703142,0.0822634701539,0.0828786286663,0.0832514520071,0.0835310695127,0.0837361223502,0.0839038928536,0.0843139985285,0.0846681807023,0.0847800277045,0.0851714922124,0.085451109718,0.0855070332191,0.0856561625555,0.0857866507247,0.0859730623952,0.0856375213884,0.085451109718,0.0850969275442,0.0851342098783,0.0853206215487,0.0853951862169,0.0855629567202,0.0855815978873,0.0860662682304,0.0862899622349,0.0861781152326,0.0862340387337,0.0867000679098,0.0874270734244,0.0875389204266,0.0875762027607,0.0877439732641,0.0884896199458,0.089067496124,0.0891979842933,0.0892166254604,0.0897199369705,0.090409660151,0.0907638423248,0.0911366656656,0.0915654125076,0.0919009535143,0.0918263888462,0.092646600196,0.0927584471982,0.0930753470379,0.0931312705391,0.0934108880447,0.0936718643833,0.0941751758934,0.0941192523923,0.0943056640627,0.0943802287308,0.0947157697376,0.0948089755728,0.094920822575,0.0949953872432,0.0952936459159,0.0956664692567,0.095815598593,0.0961697807668,0.0960206514305,0.0962070631009,0.0967849392792,0.0969713509496,0.0973441742904,0.0975305859609,0.0979220504687,0.0980152563039,0.0983507973107,0.0988168264867,0.0990218793242,0.0992828556627,0.0997488848388,0.0996556790036,0.100047143511,0.100158990514,0.0999725788433,0.0995997555025,0.10049453152,0.101072407699,0.101072407699,0.100643660857,0.101016484198,0.101519795708,0.101799413213,0.101706207378,0.101836695547,0.101799413213,0.101799413213,0.101706207378,0.10194854255,0.102358648225,0.102321365891,0.102172236554,0.102097671886,0.102656906897,0.102750112732,0.103067012572,0.103514400581,0.103887223922,0.10345847708,0.103794018087,0.104166841428,0.104632870604,0.104763358773,0.105080258613,0.105527646622,0.105676775958,0.105975034631,0.106198728635,0.10660883431,0.106869810649,0.106813887147,0.106888451816,0.107056222319,0.107317198658,0.107466327994,0.10761545733,0.107969639504,0.107913716003,0.108603439183,0.108528874515,0.108827133188,0.109013544858,0.109162674195,0.109796473874,0.110132014881,0.110523479389,0.110542120556,0.109982885545,0.110243861883,0.110504838222,0.110616685224,0.110653967558,0.11076581456,0.111175920235,0.111138637901,0.111604667077,0.112070696253,0.112350313759,0.112555366596,0.112760419434,0.112685854766,0.11322644861,0.113375577946,0.112928189937,0.113356936779,0.113356936779,0.112611290097,0.112555366596,0.113319654445,0.11309596044,0.113021395772,0.113151883942,0.113282372111,0.113319654445,0.113282372111,0.113040036939,0.112834984102,0.112704495933,0.113021395772,0.113356936779,0.113506066115,0.114251712797,0.114195789296,0.114326277465,0.114829588975,0.114605894971,0.114512689136,0.114512689136,0.114400842133,0.115276976984,0.115034641813,0.115537953323,0.116022623666,0.116097188334,0.116544576343,0.116842835016,0.116339523506,0.117010605519,0.117290223025,0.117495275862,0.117625764032,0.117420711194,0.117812175702,0.117849458036,0.118091793208,0.118259563711,0.118017228539,0.118371410713,0.118501898882,0.118613745885,0.118781516388,0.118930645724,0.119098416228,0.119340751399,0.1193966749,0.119620368905,0.119937268745,0.120328733253,0.120571068424,0.121111662268,0.121316715106,0.121316715106,0.121633614945,0.121875950117,0.122118285289,0.122397902794,0.122826649636,0.123311319979,0.123255396478,0.122975778972,0.122975778972,0.122379261627,0.122696161467,0.122789367302,0.122658879133,0.123274037645,0.123814631489,0.12400104316,0.123572296318,0.123013061307,0.123124908309,0.122826649636,0.122602955632,0.122192849957,0.122304696959,0.122006438286,0.122304696959,0.122472467462,0.122528390963,0.122696161467,0.122565673298,0.12318083181,0.123628219819,0.123348602313,0.123255396478,0.123162190643,0.123124908309,0.123050343641,0.122957137805,0.122826649636,0.122901214304,0.122938496638,0.122957137805,0.122696161467,0.122621596799,0.122584314465,0.123068984808,0.122901214304,0.122267414625,0.121969155952,0.121894591284,0.122099644121,0.12217420879,0.121913232451,