# R script for Peak Model
#  -- generated by MACS
p <- c(0.0360528860862,0.0374541954024,0.0389451885148,0.04036891878,0.0417365966726,0.0431603269378,0.0447410038464,0.0463441017041,0.0478350948165,0.0492364041327,0.0508395019904,0.0523192846282,0.0538326986897,0.0552003765823,0.0564559497295,0.0579245218929,0.0593594626326,0.0609401395413,0.0623862907555,0.0637203372245,0.0650992255916,0.0667471653474,0.068305421307,0.0698412563175,0.071377091328,0.071377091328,0.0712313551592,0.0714667751243,0.0714891960733,0.0716013008186,0.0718703522073,0.0718703522073,0.0722290873923,0.0722290873923,0.0720833512234,0.0722515083413,0.0724308759338,0.0725654016281,0.0725093492555,0.0726102435263,0.0726662958989,0.0730474520329,0.0730362415584,0.0731147148801,0.0731483463037,0.0732268196254,0.0733613453197,0.0734398186414,0.0734958710141,0.0736864490811,0.0738658166735,0.0739330795207,0.0738433957245,0.0737985538264,0.0738882376226,0.0738994480971,0.0737425014537,0.0734286081669,0.0733165034216,0.0731259253546,0.0727335587461,0.0726326644753,0.0723972445102,0.0724532968828,0.0724196654593,0.0724869283064,0.0724420864083,0.0722851397649,0.0723187711885,0.0722627188159,0.0726550854244,0.0723748235611,0.0723636130866,0.072139403596,0.0719151941054,0.0718815626819,0.0717694579366,0.0716797741403,0.0713658808535,0.0709174618723,0.0706372000091,0.0704578324166,0.0701887810279,0.0700654658081,0.0702672543496,0.0702672543496,0.0701663600789,0.070233622926,0.0704466219421,0.070424200993,0.0706035685855,0.0704690428912,0.0705250952638,0.0703681486204,0.0703457276713,0.0704129905185,0.0704690428912,0.0707268838053,0.0708501990252,0.0709510932959,0.0707156733308,0.0706035685855,0.0706372000091,0.0709174618723,0.0707717257035,0.0708165676016,0.071186513261,0.0712089342101,0.0714891960733,0.0714667751243,0.0716013008186,0.0716573531913,0.0720385093253,0.0722739292904,0.0724532968828,0.0726550854244,0.0727559796951,0.0727447692206,0.0726326644753,0.0727335587461,0.0724308759338,0.0723748235611,0.0722851397649,0.0723972445102,0.0725990330517,0.0725429806791,0.0724308759338,0.0725317702046,0.0725654016281,0.0728120320678,0.0726214540008,0.0729689787112,0.0731035044055,0.0732156091508,0.0729465577621,0.0731707672527,0.0732043986763,0.0730362415584,0.0731035044055,0.0733165034216,0.073282871998,0.073451029116,0.073473450065,0.0736079757594,0.0736528176575,0.0736864490811,0.0735967652848,0.0733501348452,0.0731483463037,0.0731931882018,0.0732156091508,0.0733277138961,0.0732940824725,0.0730362415584,0.0730586625074,0.0730026101348,0.0726438749498,0.072688716848,0.07252055973,0.0728120320678,0.0728680844404,0.0729689787112,0.0727335587461,0.0728120320678,0.0729353472876,0.0726438749498,0.0728680844404,0.0729353472876,0.073092293931,0.0732268196254,0.0733725557943,0.0735182919631,0.0734622395905,0.0734846605395,0.0734173976924,0.073451029116,0.0735855548103,0.0736191862339,0.0737985538264,0.074045184266,0.0742581832821,0.0742918147057,0.0743142356547,0.0743478670783,0.0746617603651,0.0745048137217,0.0744599718236,0.0744599718236,0.0746057079925,0.0746617603651,0.0745160241962,0.0743254461292,0.0741797099604,0.0742245518585,0.0743478670783,0.0745272346708,0.0746729708396,0.0748859698557,0.0750429164991,0.0748859698557,0.0749308117538,0.074807496534,0.0748859698557,0.0748747593812,0.074998074601,0.0749644431774,0.0749532327029,0.0751101793463,0.0753680202605,0.0751998631425,0.0752559155152,0.0752559155152,0.0754689145312,0.0752110736171,0.075188652668,0.0751662317189,0.0750092850755,0.0751998631425,0.0752447050406,0.0751774421935,0.0750877583972,0.0752110736171,0.0751101793463,0.0751550212444,0.0753904412095,0.0753119678878,0.075379230735,0.0755137564293,0.0753568097859,0.0751662317189,0.0750541269736,0.0749196012793,0.0749532327029,0.0750653374482,0.0748971803302,0.0749420222284,0.0748187070085,0.0749644431774,0.0747514441614,0.0745496556198,0.0745272346708,0.0745944975179,0.0747402336868,0.0746393394161,0.0747514441614,0.0745048137217,0.0744151299255,0.0745048137217,0.0747066022632,0.0747178127378,0.074807496534,0.0749083908048,0.0749644431774,0.0749083908048,0.0752110736171,0.0753904412095,0.0755137564293,0.075569808802,0.0756146507001,0.0758388601907,0.0757828078181,0.0759285439869,0.0757715973435,0.0759397544615,0.0760070173086,0.0762312267992,0.07633212107,0.076141543003,0.0761863849011,0.0767805400512,0.0770271704908,0.0769374866946,0.0773410637776,0.0775316418446,0.0777110094371,0.0778343246569,0.0781594284183,0.0780585341475,0.0784733217051,0.0787535835683,0.0790674768551,0.0794934748872,0.0796392110561,0.0799643148175,0.0802894185788,0.0807826794581,0.0811750460666,0.081500149828,0.0816570964714,0.0818588850129,0.0822176201979,0.0824642506375,0.0826324077555,0.0829238800932,0.0830359848385,0.0836749818867,0.0839888751735,0.084168242766,0.0842018741896,0.0845830303235,0.0848632921868,0.0853229216425,0.0856928673019,0.0863094434011,0.0864888109935,0.0869484404492,0.087621068921,0.0878564888861,0.0879910145805,0.0881815926475,0.0885066964088,0.0887421163739,0.0892017458296,0.0894035343711,0.0898519533523,0.0900761628429,0.0903788456552,0.0909281589071,0.0912981045666,0.091242052194,0.0912308417194,0.0914662616845,0.0917801549714,0.092026785411,0.0920828377836,0.0921501006308,0.0921501006308,0.0926994138828,0.0927442557809,0.0928115186281,0.0929572547969,0.0930357281186,0.0932935690328,0.0935177785234,0.0936635146923,0.0936186727942,0.0937980403866,0.0937980403866,0.0940222498772,0.0942128279442,0.0943809850622,0.0944370374348,0.0944258269603,0.0946388259763,0.0945939840782,0.094526721231,0.0944034060112,0.0947060888235,0.0951096659066,0.0953787172953,0.0953226649226,0.09526661255,0.095457190617,0.0954123487189,0.0953338753971,0.0951320868556,0.094907877365,0.0947845621452,0.0950872449575,0.0954684010915,0.0955580848877,0.0953787172953,0.0954123487189,0.0953787172953,0.0952778230245,0.0951881392283,0.0953114544481,0.0949639297377,0.0949639297377,0.0949751402122,0.095098455432,0.0956141372604,0.0955805058368,0.0955356639387,0.0956589791585,0.0962643447831,0.0963428181048,0.0961634505123,0.0962755552576,0.0960961876651,0.096219502885,0.0961634505123,0.0963203971557,0.0962867657321,0.0963428181048,0.0963091866812,0.0965670275954,0.0968024475605,0.0971051303728,0.0973517608124,0.0973629712869,0.0976096017266,0.0981252835549,0.0981252835549,0.0982710197238,0.0985176501635,0.0988763853484,0.0989772796192,0.0988875958229,0.0987418596541,0.099291172906,0.0996050661928,0.0997171709381,0.0998965385306,0.100087116598,0.100445851783,0.100490693681,0.100815797442,0.100939112662,0.100883060289,0.101196953576,0.101387531643,0.101555688761,0.101746266828,0.101903213471,0.102138633436,0.102340421978,0.102620683841,0.102564631469,0.10301305045,0.103416627533,0.103439048482,0.103439048482,0.103584784651,0.1036072056,0.103708099871,0.104089256005,0.104459201664,0.104784305425,0.105423302474,0.10563630149,0.106051089047,0.106163193792,0.106208035691,0.106432245181,0.106656454672,0.106757348942,0.107003979382,0.107071242229,0.107463608838,0.107833554497,0.108225921106,0.108024132564,0.108427709647,0.108707971511,0.108696761036,0.108999443848,0.109055496221,0.109414231406,0.109649651371,0.109784177065,0.109851439913,0.110109280827,0.110378332215,0.110647383604,0.11098369784,0.111095802585,0.111398485398,0.111286380652,0.111611484414,0.111667536786,0.112003851022,0.112082324344,0.112385007156,0.112620427121,0.11301279373,0.113248213695,0.113719053625,0.114257156403,0.114268366877,0.114492576368,0.11479525918,0.115221257212,0.115411835279,0.115893885684,0.116252620869,0.116308673241,0.116644987477,0.116869196968,0.117138248357,0.117653930185,0.117810876828,0.11836019008,0.118965555705,0.119313080415,0.120131445056,0.120546232614,0.120781652579,0.121017072544,0.121185229662,0.121588806745,0.121913910506,0.122440802809,0.122821958943,0.123337640771,0.12407753209,0.124290531106,0.124806212935,0.125030422425,0.125624577575,0.125826366117,0.126173890827,0.1262299432,0.126622309808,0.127194044009,0.127653673465,