# R script for Peak Model
#  -- generated by MACS
p <- c(0.0358532542495,0.0372179910242,0.03846707214,0.0398086777829,0.0410346277669,0.0423993645415,0.0441110682928,0.0456145918581,0.0471181154234,0.048598507857,0.0500789002905,0.0516749483829,0.0532247342117,0.0544506841957,0.0557922898386,0.0572032888768,0.0585911567833,0.0600021558215,0.061482548255,0.0626853671073,0.0641657595408,0.0654379717883,0.0668489708266,0.0680749208106,0.069462788717,0.069254608531,0.0695553132441,0.069670968903,0.0696247066394,0.069462788717,0.0698097556936,0.0697866245618,0.0697172311665,0.0698560179572,0.0697172311665,0.0697866245618,0.0701567226702,0.0705036896468,0.0705499519104,0.0705730830422,0.0707350009646,0.0709894434141,0.0711513613365,0.0715677217084,0.0715908528402,0.0717065084991,0.0720072132121,0.0720072132121,0.0721922622663,0.0722385245299,0.0721691311345,0.0721691311345,0.0724929669794,0.0724467047158,0.0723773113205,0.0725854915065,0.0724929669794,0.0724235735841,0.0724467047158,0.072122868871,0.0720534754757,0.0720534754757,0.071613983972,0.0720303443439,0.0720997377392,0.0722616556616,0.0722616556616,0.0721460000028,0.071914688685,0.0718452952897,0.0717065084991,0.0717296396308,0.0717296396308,0.0718915575533,0.0720303443439,0.0725160981112,0.0726548849018,0.0725160981112,0.0726548849018,0.0727936716924,0.0727936716924,0.0727011471653,0.0727242782971,0.072331049057,0.0720534754757,0.0721922622663,0.0722153933981,0.0717527707626,0.0720997377392,0.0720072132121,0.071914688685,0.071914688685,0.0718915575533,0.0717527707626,0.0715908528402,0.0717065084991,0.0714520660496,0.0711282302047,0.0708737877552,0.0709200500188,0.0710357056776,0.0710125745459,0.0709200500188,0.0709200500188,0.0711282302047,0.0711744924683,0.0709200500188,0.0710588368094,0.0706656075692,0.0706656075692,0.0709200500188,0.0709663122823,0.0714289349178,0.071405803786,0.0716602462355,0.0717296396308,0.0719378198168,0.0722616556616,0.0723079179252,0.0725392292429,0.0726548849018,0.0727474094289,0.0727011471653,0.0724467047158,0.0722847867934,0.0723541801887,0.0721922622663,0.0720766066075,0.0717065084991,0.071613983972,0.0711282302047,0.0711513613365,0.0711976236,0.0714983283131,0.0717990330262,0.0716602462355,0.0715445905767,0.0715677217084,0.0713826726542,0.0711513613365,0.0713826726542,0.0710819679412,0.0712438858636,0.0715908528402,0.071613983972,0.0717990330262,0.0718684264215,0.072122868871,0.0723541801887,0.0724467047158,0.0725623603747,0.073048114142,0.0730249830102,0.0730249830102,0.0732331631961,0.0731637698008,0.073556999041,0.0736495235681,0.074274064126,0.0743897197848,0.0740890150718,0.07406588394,0.07406588394,0.073857703754,0.0736957858316,0.0736263924363,0.0735801301728,0.0737189169634,0.0738345726223,0.0740427528082,0.07406588394,0.0744591131802,0.0745285065755,0.0752224405287,0.0756850631642,0.0756619320324,0.0760320301408,0.0763327348539,0.0765640461716,0.0766797018305,0.0773505046519,0.0772579801248,0.0774661603108,0.0771191933342,0.0770960622024,0.0769804065435,0.0771885867295,0.0773273735201,0.077443029179,0.0779056518145,0.0779981763416,0.0782294876593,0.0782526187911,0.0779981763416,0.0783220121864,0.0781138320004,0.0780444386051,0.0782294876593,0.0784376678453,0.0788308970854,0.0787615036901,0.0787152414266,0.0788077659537,0.0791084706667,0.0792009951938,0.0789465527443,0.0791316017985,0.0789696838761,0.0787383725583,0.0794554376433,0.0798255357517,0.0798024046199,0.0796404866975,0.0797792734882,0.0796404866975,0.0798717980153,0.0796636178293,0.0799643225424,0.0803344206507,0.0804500763096,0.0805657319685,0.0805888631002,0.081028354604,0.080820174418,0.0804732074414,0.0805657319685,0.0804500763096,0.0803344206507,0.0806813876273,0.0807739121544,0.0805426008367,0.0807739121544,0.0805657319685,0.081028354604,0.0811902725264,0.0816528951618,0.0815603706348,0.0816760262936,0.0817222885572,0.0818842064796,0.0816760262936,0.0819998621385,0.0824856159057,0.0828325828823,0.0829019762776,0.0832952055178,0.0836421724944,0.0834571234402,0.0833877300449,0.0834339923084,0.0837346970215,0.083480254572,0.0835727790991,0.0838503526804,0.0839660083392,0.0844054998429,0.0844054998429,0.084706204556,0.0854695319045,0.0851225649279,0.0851919583233,0.0851225649279,0.0851456960597,0.0854695319045,0.0858164988811,0.0857933677494,0.0863253837802,0.0862097281213,0.0858627611447,0.0860015479353,0.0860709413307,0.0859784168036,0.0859090234082,0.0863022526484,0.0869499243381,0.0871349733923,0.0873200224465,0.0878520384772,0.0879676941361,0.0883609233763,0.0885459724305,0.0889392016706,0.0894018243061,0.0897950535463,0.0902114139182,0.0906277742901,0.0909978723985,0.0910672657938,0.0915067572975,0.0917380686153,0.0920619044601,0.0925476582274,0.0928252318086,0.0929408874675,0.0930796742581,0.0934960346301,0.0942130997151,0.0950689515907,0.0955315742262,0.0952540006449,0.0953696563038,0.0956934921486,0.0957860166757,0.0961098525205,0.0965262128925,0.0968500487373,0.0968731798691,0.0970350977915,0.0969194421326,0.0973358025045,0.0977290317447,0.0981222609849,0.0987468015428,0.0993482109689,0.0998802269997,0.100551029821,0.100620423216,0.100551029821,0.10105991472,0.101198701511,0.101568799619,0.102123946782,0.102285864704,0.102401520363,0.102817880735,0.103002929789,0.103326765634,0.103558076952,0.103812519401,0.103627470347,0.103974437324,0.104275142037,0.104252010905,0.104113224114,0.104228879773,0.104506453354,0.104598977882,0.10457584675,0.104506453354,0.105084731649,0.105639878811,0.105316042967,0.105200387308,0.105408567494,0.105524223153,0.105686141075,0.105639878811,0.105431698625,0.105570485416,0.105986845788,0.106380075028,0.106842697664,0.107629156144,0.108045516516,0.107906729725,0.108068647648,0.107976123121,0.108508139151,0.108600663678,0.108670057074,0.10887823726,0.109780351399,0.109734089135,0.109340859895,0.109433384422,0.109248335368,0.109826613662,0.109942269321,0.110127318376,0.110543678747,0.110543678747,0.110821252329,0.111145088174,0.111561448545,0.111214481569,0.111422661755,0.11109882591,0.110844383461,0.111029432515,0.111653973073,0.11149205515,0.111607710809,0.111977808917,0.112625480607,0.113088103243,0.112972447584,0.113157496638,0.113596988142,0.114314053227,0.113990217382,0.113990217382,0.114591626808,0.114475971149,0.114846069257,0.11514677397,0.114892331521,0.115216167366,0.115516872079,0.115817576792,0.116072019241,0.1161876749,0.116210806032,0.115886970187,0.115586265474,0.115910101319,0.115979494714,0.116812215458,0.116303330559,0.116141412637,0.116095150373,0.116072019241,0.115609396606,0.116118281505,0.11644211735,0.116303330559,0.116627166404,0.116372723954,0.116488379613,0.116974133381,0.116951002249,0.117020395644,0.116904739985,0.117205444698,0.116927871117,0.117043526776,0.116997264512,0.117459887148,0.117968772047,0.118038165442,0.117760591861,0.11801503431,0.117968772047,0.117829985256,0.117436756016,0.117159182435,0.117598673938,0.117829985256,0.117714329597,0.117367362621,0.117644936202,0.117668067334,0.117575542807,0.118038165442,0.117899378652,0.117853116388,0.118200083365,0.117459887148,0.11762180507,0.117297969225,0.117390493753,0.117182313567,0.116927871117,0.116951002249,0.116997264512,0.117413624884,0.117344231489,0.116904739985,0.117251706962,0.117089789039,0.117436756016,0.117853116388,0.118153821101,0.118315739023,0.118408263551,0.118732099395,0.118616443737,0.118500788078,0.119194722031,0.119379771085,0.119680475798,0.119888655984,0.119634213535,0.119402902217,0.119356639953,0.119634213535,0.120189360697,0.120466934278,0.120374409751,0.120675114464,0.120929556914,0.121068343705,0.1211377371,0.121438441813,0.121484704076,0.121276523891,0.120790770123,0.120628852201,0.12088329465,0.120767638992,0.120212491829,0.120050573907,0.120119967302,0.119749869193,0.119749869193,0.119402902217,0.119587951271,0.120050573907,0.119634213535,0.12035127862,0.120466934278,0.12049006541,0.120860163519,0.120952688046,0.121253392759,0.120929556914,0.121114605968,0.121230261627,0.121322786154,0.121484704076,0.121207130495,0.120698245596,0.120605721069,