# R script for Peak Model
#  -- generated by MACS
p <- c(0.036922565567,0.0381768353102,0.0395878887714,0.0412341178094,0.0427235631295,0.0442914003086,0.0456763231501,0.0469305928933,0.048080340158,0.0495959160977,0.050850185841,0.0523135005414,0.0537506846222,0.0550833462244,0.0565205303052,0.0579838450057,0.0591858535097,0.0603878620136,0.062007960432,0.0631838383163,0.0645164999185,0.0661627289565,0.0677305661356,0.0692200114557,0.0707094567758,0.0706833261561,0.0702652362417,0.0704742811989,0.0707878486347,0.0705526730579,0.0703697587203,0.0702652362417,0.0701607137631,0.0702129750024,0.0702129750024,0.0708139792544,0.0710752854509,0.0711536773098,0.0708923711133,0.070840109874,0.0705526730579,0.0705788036775,0.0705004118186,0.0706049342972,0.070918501733,0.0708923711133,0.0710230242116,0.0705788036775,0.0707878486347,0.0705526730579,0.0707878486347,0.0708662404937,0.0711536773098,0.0707878486347,0.0710752854509,0.0712059385491,0.0709968935919,0.0708923711133,0.0713104610277,0.071441114126,0.0717808121815,0.0719898571387,0.0723818164334,0.0722250327155,0.0722511633352,0.0724340776727,0.0729566900658,0.0733225187409,0.0731396044033,0.0737928698946,0.0738451311339,0.0735054330784,0.073165735023,0.0730350819247,0.0731396044033,0.0732179962623,0.0734270412195,0.0734009105998,0.0733747799802,0.0731396044033,0.073688347416,0.0740280454715,0.0742370904287,0.0743154822876,0.0743938741466,0.0743154822876,0.0740541760911,0.0742632210483,0.0742370904287,0.0738451311339,0.0743416129073,0.0744722660055,0.0744200047662,0.0744722660055,0.0739757842322,0.074210959809,0.0739757842322,0.0743154822876,0.0743938741466,0.0744461353859,0.0747858334413,0.0747858334413,0.0748642253003,0.0754390989326,0.0750471396379,0.0746029191038,0.0750732702575,0.0756481438898,0.075412968313,0.0752039233558,0.0751777927361,0.0748380946806,0.074733572202,0.0749687477789,0.074811964061,0.0749687477789,0.0744983966252,0.0745506578645,0.0751516621165,0.0752039233558,0.0758833194667,0.0762491481418,0.0765888461973,0.0766149768169,0.0765104543383,0.0762752787615,0.0768501523938,0.0772421116885,0.0772421116885,0.0776079403637,0.0774250260261,0.0776079403637,0.0772943729278,0.0772421116885,0.0772159810689,0.0774772872654,0.0777908547012,0.0778169853209,0.0781305527567,0.0783918589532,0.0783918589532,0.078182813996,0.0784441201925,0.0783134670942,0.0784179895728,0.0785486426711,0.0786009039104,0.0784702508121,0.0785225120514,0.0791757775427,0.0789144713462,0.0792019081624,0.0793586918803,0.0791757775427,0.079228038782,0.0795154755982,0.0796461286964,0.0793848224999,0.0794370837392,0.0794109531196,0.0794632143589,0.0799074348929,0.0794370837392,0.0796461286964,0.0798813042733,0.0801164798502,0.0803777860467,0.0800903492305,0.0794109531196,0.079306430641,0.0788622101069,0.078705426389,0.0788883407266,0.0792541694017,0.0796983899357,0.0799335655126,0.0794109531196,0.0795416062178,0.079829043034,0.0799596961323,0.0800642186109,0.0799596961323,0.0805084391449,0.0809265290593,0.081475272072,0.081475272072,0.0817365782685,0.0816581864096,0.0819717538454,0.0823375825205,0.0823898437598,0.0825727580974,0.0825466274777,0.0827034111956,0.0827034111956,0.0826250193367,0.0826511499563,0.0828863255332,0.0824943662384,0.0823114519008,0.0827295418153,0.0828340642939,0.0824159743795,0.0822069294222,0.0827556724349,0.083199892969,0.083199892969,0.0831737623493,0.0835395910244,0.0839576809389,0.0845586851908,0.084245117755,0.0844802933319,0.0845064239515,0.0847415995284,0.084245117755,0.0846109464301,0.0851074282035,0.0853426037804,0.0853687344,0.0853164731607,0.0854993874983,0.0854732568786,0.085447126259,0.0852380813018,0.0850029057249,0.0854209956393,0.0852380813018,0.0851074282035,0.0853948650197,0.0856561712162,0.0856823018358,0.085447126259,0.0853164731607,0.085447126259,0.0851596894428,0.0852903425411,0.0855255181179,0.0849506444856,0.0847154689087,0.0849767751053,0.0852903425411,0.0855516487376,0.0858390855537,0.086570742904,0.0864139591861,0.0869104409594,0.0872762696345,0.0879556657455,0.087694359549,0.0875114452114,0.0874591839721,0.08761596769,0.0878772738865,0.0874069227328,0.0873024002542,0.0873807921132,0.0873285308738,0.0873024002542,0.0872762696345,0.0868843103398,0.0873807921132,0.0879556657455,0.0882953638009,0.0885305393778,0.0887918455743,0.0888702374333,0.088739584335,0.0891315436298,0.0894451110656,0.0900722459372,0.0903335521337,0.0907516420481,0.0913787769198,0.0916662137359,0.0925023935648,0.0932601815346,0.0938611857866,0.0948018880941,0.0946451043761,0.0951415861495,0.0956380679229,0.0963174640338,0.0963174640338,0.0961868109356,0.0965003783714,0.0965787702303,0.0972320357216,0.0980420849308,0.09885213414,0.099374746533,0.0996360527295,0.0997667058278,0.100237056981,0.0998712283064,0.100446101939,0.100759669374,0.101256151148,0.101517457344,0.102040069737,0.102667204609,0.103059163904,0.103921474352,0.104052127451,0.104966699138,0.105515442151,0.105933532065,0.106560666937,0.107213932428,0.10786719792,0.107893328539,0.108363679693,0.108259157214,0.108311418454,0.108468202172,0.109173728902,0.109800863774,0.110245084308,0.110558651744,0.110950611038,0.111055133517,0.111238047855,0.111133525376,0.111290309094,0.111368700953,0.111786790867,0.111525484671,0.111290309094,0.110715435462,0.111812921487,0.11160387653,0.111708399008,0.111865182726,0.111917443965,0.111917443965,0.1123616645,0.112805885034,0.112178750162,0.112126488923,0.112100358303,0.111943574585,0.111368700953,0.111342570333,0.111316439714,0.111865182726,0.11230940326,0.112413925739,0.112832015653,0.112884276893,0.112936538132,0.113014929991,0.113406889286,0.11309332185,0.113302366807,0.112936538132,0.112779754414,0.113119452469,0.113250105568,0.113119452469,0.113014929991,0.113511411764,0.113276236187,0.113694326102,0.11385110982,0.113772717961,0.113563673004,0.11385110982,0.114060154777,0.113615934243,0.113642064862,0.113537542384,0.113746587341,0.114086285397,0.113720456721,0.11379884858,0.113746587341,0.114112416016,0.114295330354,0.114452114072,0.114321460973,0.114791812127,0.114896334606,0.114661159029,0.115680253195,0.116411910545,0.116333518687,0.116202865588,0.116673216742,0.11680386984,0.116620955503,0.116725477981,0.117457135332,0.117431004712,0.117431004712,0.117613919049,0.117613919049,0.117613919049,0.117274220994,0.117352612853,0.11756165781,0.117221959755,0.116725477981,0.117221959755,0.117613919049,0.117901355866,0.118450098878,0.118214923301,0.118554621357,0.118842058173,0.118528490737,0.118528490737,0.119024972511,0.11905110313,0.119312409327,0.119469193045,0.119652107382,0.119155625609,0.118920450032,0.119129494989,0.11910336437,0.119416931805,0.119573715523,0.119234017468,0.118842058173,0.11907723375,0.119416931805,0.118946580652,0.11910336437,0.119547584904,0.119024972511,0.118894319412,0.119260148087,0.118789796934,0.118685274455,0.118450098878,0.118528490737,0.118842058173,0.119260148087,0.119155625609,0.119260148087,0.119390801186,0.119312409327,0.1198088911,0.119625976763,0.119207886848,0.11905110313,0.119338539946,0.119416931805,0.119129494989,0.119390801186,0.119364670566,0.119599846143,0.118894319412,0.118763666314,0.118763666314,0.118711405075,0.118763666314,0.118528490737,0.118685274455,0.118972711271,0.119390801186,0.11910336437,0.119181756228,0.119207886848,0.11907723375,0.119155625609,0.118894319412,0.119443062425,0.119573715523,0.11910336437,0.118920450032,0.118685274455,0.118972711271,0.119756629861,0.119704368622,0.119390801186,0.119286278707,0.119207886848,0.119024972511,0.11907723375,0.118998841891,0.118606882596,0.119364670566,0.119469193045,0.119207886848,0.119469193045,0.118763666314,0.118267184541,0.118084270203,0.118005878344,0.117431004712,0.117509396571,0.117300351614,0.117640049669,0.117875225246,0.117404874092,0.11683000046,0.116620955503,0.116359649306,0.115941559392,0.115758645054,0.115418946999,0.115654122576,0.115680253195,0.115209902042,0.114373722213,0.114321460973,0.114060154777,0.113433019905,0.113197844328,0.112413925739,0.111865182726,0.111264178474,0.111316439714,