# R script for Peak Model
#  -- generated by MACS
p <- c(0.0339217897863,0.0349356415358,0.0363719315143,0.0374702709096,0.038568610305,0.0403850946895,0.0416946531993,0.0429619678862,0.0443560140418,0.0457500601974,0.0472708378217,0.0484959086858,0.0497209795498,0.0509038065909,0.0523400965694,0.0536496550792,0.054959213589,0.0563532597446,0.0576205744315,0.0587611576497,0.0606198858572,0.0619716881899,0.0631967590539,0.0646330490324,0.0656891446048,0.0663228019483,0.0667874840002,0.0663228019483,0.0661538266567,0.0662383143025,0.0656469007819,0.0656891446048,0.0659848513651,0.066449533417,0.0668719716459,0.0666607525315,0.0665762648857,0.0669142154688,0.0669142154688,0.0667452401773,0.0666607525315,0.0664072895941,0.0665340210628,0.0664072895941,0.0664917772399,0.0664072895941,0.0663228019483,0.0662383143025,0.0662383143025,0.0661960704796,0.0661115828338,0.0667874840002,0.0665340210628,0.0667452401773,0.0669142154688,0.066449533417,0.0663228019483,0.0662383143025,0.0663650457712,0.0658158760735,0.0655201693132,0.0655201693132,0.0656891446048,0.0658581198964,0.0659426075422,0.0660693390109,0.0656469007819,0.0659426075422,0.0657736322506,0.0664917772399,0.066027095188,0.0659426075422,0.0656469007819,0.0654356816674,0.0654779254903,0.0646752928553,0.0641261231576,0.0640838793347,0.0647597805011,0.0642106108034,0.0645485613866,0.0647175366782,0.0647175366782,0.0648442681469,0.0642528546263,0.0647597805011,0.0649709996156,0.0643373422721,0.0640416355118,0.0642528546263,0.0644218299179,0.0645485613866,0.0645485613866,0.0646330490324,0.0649709996156,0.065224462553,0.0652667063759,0.0648865119698,0.0650554872614,0.0653934378446,0.0649287557927,0.0645485613866,0.0645063175637,0.0644218299179,0.0642950984492,0.0641261231576,0.0645063175637,0.0643373422721,0.0640416355118,0.0643373422721,0.0645485613866,0.064379586095,0.0644640737408,0.0640416355118,0.0636191972829,0.0635347096371,0.0636614411058,0.0637881725745,0.0641683669805,0.0636191972829,0.0632390028768,0.0633657343455,0.0638726602203,0.0642528546263,0.0641261231576,0.0644218299179,0.0647597805011,0.0653089501988,0.0644640737408,0.0650132434385,0.0646330490324,0.0644640737408,0.0640416355118,0.0641683669805,0.0647597805011,0.0647597805011,0.0642528546263,0.0646752928553,0.0648865119698,0.0650554872614,0.0651822187301,0.065604656959,0.0658158760735,0.066027095188,0.0658158760735,0.0659003637193,0.0660693390109,0.0659003637193,0.0656469007819,0.0657313884277,0.0660693390109,0.0663650457712,0.0665762648857,0.0663650457712,0.0667029963544,0.0669987031146,0.066829727823,0.0669987031146,0.0666607525315,0.0670831907604,0.0669564592917,0.0670831907604,0.0671254345833,0.0675478728123,0.0679703110413,0.0679703110413,0.0688151874992,0.068477236916,0.0682660178015,0.0684349930931,0.0686884560305,0.0685617245618,0.0689419189679,0.0683927492702,0.0690686504366,0.0691953819053,0.0694910886656,0.0696600639571,0.0702937213006,0.0697445516029,0.0703782089464,0.0704626965922,0.0708006471754,0.0709273786441,0.070969622467,0.0710118662899,0.0717300112791,0.0712230854043,0.0717300112791,0.0715187921646,0.0710963539356,0.0712230854043,0.0708006471754,0.0706316718838,0.0711808415814,0.0711808415814,0.0715187921646,0.0722369371539,0.0720679618623,0.0722369371539,0.0723636686226,0.0718989865707,0.0717300112791,0.0721102056852,0.0718144989249,0.072194693331,0.0723636686226,0.0731240574347,0.0742646406529,0.0746870788819,0.075067273288,0.0750250294651,0.0751940047567,0.0751095171109,0.0750250294651,0.0759966373917,0.0756164429856,0.0757431744543,0.0761656126833,0.0764190756207,0.0764613194436,0.0768837576725,0.0768415138496,0.077094976787,0.0774329273702,0.077517415016,0.0774329273702,0.0773061959015,0.0771372206099,0.0778553655992,0.0776441464847,0.0777286341305,0.0777286341305,0.0776441464847,0.0772217082557,0.0767992700267,0.0767570262038,0.0773906835473,0.0773061959015,0.0773061959015,0.0778553655992,0.077517415016,0.0778553655992,0.0777286341305,0.0773484397244,0.0775596588389,0.0772217082557,0.0765880509123,0.076672538558,0.0765035632665,0.0765035632665,0.0767147823809,0.0769682453183,0.0774329273702,0.0778976094221,0.0780665847137,0.0777286341305,0.0780243408908,0.0773906835473,0.077094976787,0.0770104891412,0.0778976094221,0.077939853245,0.078320047651,0.0782778038281,0.0778553655992,0.0784045352968,0.07874248588,0.0789537049945,0.0785312667655,0.0793761432235,0.079545118515,0.079545118515,0.0801787758585,0.0798830690982,0.0799253129211,0.0801365320356,0.0805589702646,0.0811503837851,0.0812771152538,0.081615065837,0.0819952602431,0.0826711614094,0.0831358434613,0.0838539884505,0.0843186705024,0.0847833525543,0.0856282290122,0.0862618863557,0.0867265684075,0.0867688122304,0.0874024695739,0.0872334942823,0.0882051022089,0.0885008089692,0.0888810033753,0.0894724168958,0.0901060742393,0.0909509506972,0.0913311451033,0.0920915339155,0.0931898733108,0.0936545553626,0.0940769935916,0.0941614812374,0.0939502621229,0.0946684071122,0.0944994318206,0.0952598206327,0.0961046970907,0.0961469409136,0.0964004038509,0.0965271353196,0.0969918173715,0.0983436197042,0.0987660579332,0.0985970826416,0.0986815702874,0.0993997152766,0.100286835557,0.100498054672,0.100667029964,0.101765369359,0.102314539057,0.102441270525,0.103074927869,0.103624097566,0.103539609921,0.103793072858,0.104131023441,0.104595705493,0.104299998733,0.104173267264,0.10396204815,0.104088779618,0.104975899899,0.105187119014,0.105313850482,0.105187119014,0.105144875191,0.105905264003,0.106074239294,0.106369946055,0.106538921346,0.107341553981,0.107510529273,0.107552773096,0.108144186616,0.107890723679,0.108270918085,0.108186430439,0.10776399221,0.107595016919,0.107679504564,0.108144186616,0.10877784396,0.109200282189,0.109453745126,0.109538232772,0.10936925748,0.110425353053,0.110467596876,0.11097452275,0.111354717156,0.110594328344,0.11038310923,0.110932278928,0.11097452275,0.110932278928,0.110847791282,0.110298621584,0.11097452275,0.11067881599,0.11067881599,0.111312473334,0.111734911563,0.111650423917,0.1119883745,0.111946130677,0.111819399208,0.112326325083,0.113171201541,0.113086713895,0.113847102707,0.113635883593,0.113044470072,0.112917738604,0.112495300375,0.112664275666,0.113509152124,0.113551395947,0.113678127416,0.114227297113,0.114227297113,0.114354028582,0.114987685926,0.115283392686,0.115367880332,0.1154946118,0.11490319828,0.115114417394,0.11519890504,0.115790318561,0.116128269144,0.116297244435,0.11621275679,0.116339488258,0.116592951196,0.11680417031,0.117226608539,0.117606802945,0.117775778237,0.118282704112,0.117902509706,0.118155972643,0.118324947934,0.118536167049,0.119592262621,0.11942328733,0.119296555861,0.120310407611,0.120268163788,0.120099188496,0.120606114371,0.120944064954,0.121239771714,0.121704453766,0.121831185235,0.122295867287,0.122676061693,0.122042404349,0.122802793162,0.12364766962,0.123436450505,0.12423908314,0.1245347899,0.124872740484,0.12525293489,0.125337422535,0.124703765192,0.125886592233,0.126520249577,0.127576345149,0.127660832795,0.127491857503,0.127491857503,0.127829808086,0.128294490138,0.128716928367,0.129477317179,0.128970391305,0.129012635127,0.129308341888,0.128632440721,0.128885903659,0.129561804825,0.129730780117,0.129561804825,0.129308341888,0.128928147482,0.128378977784,0.128336733961,0.127618588972,0.127998783378,0.127829808086,0.127787564263,0.127787564263,0.127576345149,0.128378977784,0.129308341888,0.129139366596,0.128590196898,0.128674684544,0.128632440721,0.128590196898,0.128336733961,0.128378977784,0.128294490138,0.12875917219,0.12905487895,0.129392829534,0.128210002492,0.127787564263,0.127745320441,0.127914295732,0.127998783378,0.128041027201,0.127998783378,0.128210002492,0.12875917219,0.127618588972,0.127196150743,0.126900443983,0.126773712514,0.126689224868,0.126055567525,0.126182298993,0.126013323702,0.126393518108,0.126562493399,0.127111663097,0.128041027201,0.127998783378,0.128632440721,0.128294490138,0.127745320441,0.127703076618,0.127365126034,0.127998783378,0.128336733961,0.128590196898,