# R script for Peak Model
#  -- generated by MACS
p <- c(0.0340854387355,0.0353789374363,0.0367073955613,0.0378377502818,0.0392943929628,0.040599544805,0.0421261063347,0.04361770844,0.0449578197066,0.0462396652658,0.0474748982593,0.0486868249699,0.0502949584898,0.0516117634734,0.0529751810228,0.0540705763189,0.055399034444,0.0565876548717,0.0579510724211,0.0593144899705,0.0607711326516,0.0621695096253,0.0633348237701,0.0647798133097,0.0659684337374,0.0662131497078,0.0660383525861,0.0661432308591,0.0659800868788,0.0660733120104,0.0661898434249,0.0663762936881,0.0663296811223,0.0664811719611,0.0665860502341,0.0666210096585,0.0665743970927,0.0666443159414,0.0666909285072,0.0666443159414,0.0664928251025,0.0665277845269,0.0663413342637,0.0664811719611,0.0665161313854,0.0664695188196,0.066504478244,0.066609356517,0.0665977033756,0.0666326627999,0.0667958067802,0.0668540724874,0.066947297619,0.0671454010236,0.066947297619,0.0669589507605,0.0666326627999,0.0665627439512,0.0664462125368,0.0665394376683,0.0666676222243,0.0669706039019,0.0667958067802,0.0667841536387,0.0667725004973,0.0670871353164,0.067180360448,0.0672036667309,0.0670987884578,0.0671104415993,0.0670871353164,0.0669822570434,0.0670288696092,0.0668540724874,0.0670521758921,0.0667958067802,0.0667958067802,0.0668890319118,0.0668890319118,0.0668890319118,0.0667025816486,0.0666559690828,0.0667608473558,0.0664928251025,0.0664695188196,0.0664462125368,0.0665627439512,0.066609356517,0.0666559690828,0.0667258879315,0.0669822570434,0.0672153198723,0.0669356444776,0.0668307662045,0.0668074599216,0.0667608473558,0.0667491942144,0.0666559690828,0.0665161313854,0.0665627439512,0.0661315777177,0.0660966182933,0.0659101680301,0.065933474313,0.0660150463032,0.0661432308591,0.0663296811223,0.0663063748394,0.0662830685565,0.0662014965663,0.0662248028492,0.0661781902834,0.0660966182933,0.0662364559907,0.0662597622736,0.0661898434249,0.0661315777177,0.0663296811223,0.0664462125368,0.0664345593953,0.0663646405466,0.0666676222243,0.0667958067802,0.0669356444776,0.0668191130631,0.0669006850532,0.0672036667309,0.0674483827013,0.0675416078329,0.0675765672572,0.0677863238033,0.0680310397737,0.0678912020763,0.067728058096,0.0677397112375,0.0677630175204,0.067728058096,0.0678795489349,0.0679261615007,0.0679844272079,0.0679727740664,0.067961120925,0.0681592243296,0.0680543460566,0.068065999198,0.068637003129,0.0686136968461,0.0688584128165,0.068974944231,0.0688817190994,0.0694061104646,0.0694876824547,0.0696158670106,0.0698256235567,0.0699071955468,0.0697323984251,0.0695692544448,0.0695692544448,0.0698023172738,0.0696741327179,0.0698372766981,0.0697906641323,0.0698722361225,0.0699771143955,0.0699188486883,0.069988767537,0.0700819926685,0.069988767537,0.0701169520929,0.0701402583758,0.0701402583758,0.0700004206784,0.0698256235567,0.0698372766981,0.0701169520929,0.0702800960732,0.070198524083,0.0701868709416,0.0701402583758,0.0702684429317,0.0701868709416,0.0699071955468,0.0698256235567,0.0699421549712,0.0699654612541,0.0700703395271,0.0699654612541,0.0698023172738,0.0697323984251,0.0697323984251,0.0698023172738,0.0701169520929,0.0702334835074,0.0704781994778,0.0705714246094,0.0702218303659,0.0701286052343,0.0699538081126,0.0698023172738,0.0701635646587,0.069755704708,0.0698838892639,0.0700237269613,0.0698256235567,0.0698256235567,0.0697673578494,0.0699771143955,0.0703034023561,0.0704665463363,0.0705714246094,0.0706296903166,0.0706296903166,0.0706063840337,0.0705714246094,0.0705947308923,0.0708277937212,0.0707811811554,0.0708977125699,0.0710841628331,0.0710841628331,0.0711657348232,0.0713521850864,0.0715735947739,0.071550288491,0.071445410218,0.0712589599548,0.071317225662,0.0711657348232,0.0713521850864,0.0713405319449,0.071317225662,0.0714337570765,0.0715852479153,0.0718299638857,0.0718066576029,0.0717600450371,0.0720164141489,0.0723193958266,0.0722611301193,0.072226170695,0.0722378238364,0.0721562518463,0.0720397204318,0.0718416170272,0.0719231890173,0.0719698015831,0.0721329455634,0.0721329455634,0.0722727832608,0.0719581484417,0.0722960895437,0.0721329455634,0.0720863329976,0.0720863329976,0.0722028644121,0.072435927241,0.0724941929483,0.0722494769779,0.0720979861391,0.0724825398068,0.0724708866654,0.0725874180799,0.0726456837871,0.0725990712213,0.0726922963529,0.0725408055141,0.0724941929483,0.0725757649384,0.0722611301193,0.0724592335239,0.0725874180799,0.0724708866654,0.0727622152016,0.0729486654648,0.0729603186062,0.0734031379812,0.0737410790832,0.0739624887707,0.074230511024,0.0744053081458,0.0744985332774,0.0745917584089,0.0748714338037,0.075034577784,0.0752326811886,0.0755939285735,0.0756055817149,0.0757687256952,0.0761765856459,0.076700977011,0.0769107335571,0.0769573461229,0.0772020620933,0.0775749626196,0.0777497597414,0.0779828225703,0.0780877008433,0.0784722545111,0.0788801144618,0.0792763212711,0.0793112806954,0.0798123657777,0.0802318788698,0.0806863513863,0.0808494953665,0.0810126393468,0.0812690084587,0.0817817466824,0.0821196877844,0.0821080346429,0.0822595254817,0.0823760568962,0.082760610564,0.0830868985246,0.0834597990509,0.0835996367483,0.0841706406792,0.0845668474885,0.0849514011562,0.0852427296924,0.085569017653,0.0862565529984,0.0862798592813,0.0862565529984,0.0867576380807,0.0869091289195,0.0870023540511,0.0873752545774,0.0875150922748,0.0879928710742,0.0882958527518,0.0884939561565,0.0887852846927,0.0890649600874,0.0892747166335,0.089391248048,0.0897058828671,0.0898923331302,0.0899855582618,0.0901953148079,0.0903701119296,0.0904982964855,0.0907546655974,0.0909178095776,0.0911392192652,0.0913606289527,0.0917451826205,0.0917917951863,0.0921064300053,0.0923861054001,0.092747352785,0.0926191682291,0.092642474512,0.0928755373409,0.0929338030482,0.0931435595942,0.0933766224232,0.0932717441502,0.0933416629988,0.0935863789692,0.0936446446765,0.0938310949397,0.0938777075055,0.0940525046272,0.0942273017489,0.0945535897094,0.0944836708607,0.0942622611732,0.0944020988706,0.0944836708607,0.0944137520121,0.0941457297588,0.0943205268805,0.0945652428509,0.0946002022752,0.0946584679825,0.0946002022752,0.0945768959923,0.0947983056798,0.0943787925877,0.094646814841,0.0946118554167,0.0944836708607,0.0944487114364,0.0946584679825,0.0947400399726,0.0949031839529,0.09487987767,0.095427575318,0.0953343501865,0.0954741878838,0.0956955975713,0.0959403135418,0.0961617232293,0.0963481734924,0.096336520351,0.0963248672095,0.096336520351,0.0964880111898,0.0965928894628,0.0966977677359,0.0971056276866,0.0972804248083,0.0971988528181,0.0974901813543,0.0976533253346,0.0978514287392,0.0979679601537,0.0981427572754,0.0984457389531,0.0986904549235,0.0992148462887,0.099249805713,0.0993663371275,0.0995760936735,0.0994595622591,0.099925687917,0.100508344989,0.10083463295,0.10099777693,0.101149267769,0.101708618559,0.102081519085,0.102570951026,0.10285062642,0.102699135582,0.10316526124,0.10316526124,0.103211873805,0.103876102868,0.104015940565,0.10454033193,0.1052628267,0.105612420944,0.105973668329,0.106253343723,0.106439793986,0.10687096022,0.106975838493,0.107441964151,0.107709986404,0.108199418345,0.108572318871,0.108910259973,0.109166629085,0.109481263904,0.109842511289,0.110180452391,0.110518393493,0.110681537474,0.111112703707,0.111159316273,0.111648748214,0.11210322073,0.112371242983,0.112918940632,0.113140350319,0.113804579382,0.11395607022,0.114235745615,0.114562033576,0.114795096405,0.115202956355,0.115610816306,0.115960410549,0.116612986471,0.116962580714,0.117079112129,0.117370440665,0.117754994332,0.118337651405,0.118256079415,0.118663939365,0.118757164497,0.11902518675,0.119969091208,0.120295379168,0.121262589908,0.121717062425,0.122101616093,0.122556088609,0.123022214267,0.12320866453,0.123837934168,0.124257447261,0.125259617425,0.126075337326,0.126389972145,0.12675121953,0.127019241784,0.127520326866,0.128126290221,0.128254474777,0.129011928971,0.129734423741,0.130433612228,0.130759900189,0.131622232656,0.132088358314,0.132671015386,0.133253672458,0.134057739218,0.134687008857,0.135607607031,0.136528205205,