# R script for Peak Model
#  -- generated by MACS
p <- c(0.0386217999721,0.040081483862,0.0416847432165,0.0430726393741,0.0447237572168,0.046279158083,0.0474756202879,0.0486960117368,0.0499164031857,0.0514239455638,0.0525964785246,0.0541040209027,0.0557312095012,0.0569755301943,0.0584352140842,0.05987096873,0.0613306526199,0.0628860534862,0.0642739496438,0.0655421995809,0.0668343787621,0.068294062652,0.0698016050301,0.0714287936287,0.0727927605422,0.0724338218808,0.0726013265894,0.0728166897863,0.0726491850776,0.0729363360068,0.0722902464162,0.0727927605422,0.072984194495,0.0723620341485,0.0721706001957,0.0716920153138,0.071763803046,0.07126128892,0.0710219964791,0.0708544917704,0.0710219964791,0.0711177134554,0.0706869870617,0.0701126852034,0.0702323314239,0.0702084021798,0.0703519776443,0.0701126852034,0.070256260668,0.0704237653766,0.070998067235,0.0711177134554,0.0709023502586,0.0708066332822,0.0706630578176,0.070519482353,0.0708544917704,0.0710698549672,0.0712373596759,0.0709502087468,0.0710698549672,0.0712852181641,0.0709502087468,0.0710219964791,0.0710219964791,0.0712134304318,0.0716920153138,0.0712852181641,0.0711895011877,0.0711177134554,0.070998067235,0.0708544917704,0.0710459257231,0.070998067235,0.0712373596759,0.0711177134554,0.0710698549672,0.0709741379909,0.0710937842113,0.0708544917704,0.0710459257231,0.0710219964791,0.0709023502586,0.0710219964791,0.0710937842113,0.0711655719436,0.0710459257231,0.0712134304318,0.0719073785106,0.0721466709516,0.0719552369988,0.0721227417075,0.0722663171721,0.0727688312981,0.0726970435658,0.0727927605422,0.0729363360068,0.0729363360068,0.0726491850776,0.0726252558335,0.0719313077547,0.0719073785106,0.0721227417075,0.0723381049044,0.0725295388571,0.0723620341485,0.0724577511249,0.0725773973453,0.0728166897863,0.0730320529832,0.0735106378651,0.0733909916446,0.0736781425738,0.0737738595502,0.0737499303061,0.0736542133297,0.0731995576919,0.0736542133297,0.0738456472825,0.0739652935029,0.0741327982116,0.0744438783849,0.0744199491408,0.0743003029203,0.0742045859439,0.0743960198967,0.0745874538495,0.0742763736762,0.0745395953613,0.0746592415818,0.0751617557078,0.0753053311724,0.075209614196,0.0751378264637,0.0749224632668,0.0753053311724,0.0751617557078,0.0754489066369,0.0752335434401,0.0753771189047,0.075712128322,0.0754967651251,0.0755685528574,0.0755206943692,0.075472835881,0.0752814019283,0.075209614196,0.0749942509991,0.0754249773928,0.075472835881,0.0760232084953,0.0761667839598,0.0765257226213,0.0767650150623,0.07669322733,0.0772435999442,0.0772435999442,0.0770521659914,0.0771239537237,0.077195741456,0.0771000244796,0.0771000244796,0.0772914584324,0.077937548023,0.0781050527317,0.0780093357553,0.078176840464,0.0782486281963,0.0785597083695,0.0791100809837,0.0793254441806,0.0794450904011,0.0793015149365,0.0793493734247,0.0794929488893,0.0798997460389,0.0802586847004,0.0808329865587,0.0809526327792,0.0811919252202,0.0811679959761,0.0804501186532,0.0805219063854,0.0805219063854,0.0810962082438,0.081144066732,0.0815030053934,0.0812158544643,0.0812876421965,0.0811201374879,0.0808808450469,0.0809765620233,0.0813594299288,0.0812397837083,0.0811679959761,0.0815508638816,0.0822687412045,0.0826037506219,0.0823644581809,0.0826994675982,0.082627679866,0.0826516091101,0.0822926704486,0.0821251657399,0.0822926704486,0.0824362459132,0.0823405289368,0.0827473260864,0.0826994675982,0.0828430430628,0.0829387600392,0.0829148307951,0.0832498402125,0.0827712553305,0.0826755383542,0.082890901551,0.0830823355038,0.0833455571889,0.0829626892833,0.082627679866,0.0828430430628,0.082890901551,0.0831062647479,0.0832737694566,0.0833216279448,0.0835369911416,0.0835130618975,0.0834652034093,0.0835130618975,0.0834652034093,0.083369486433,0.0840634345118,0.0847573825906,0.0849488165433,0.0846855948583,0.0846377363701,0.0846855948583,0.0851881089843,0.0854991891576,0.0859777740395,0.0863127834569,0.0861692079923,0.0862409957246,0.0867913683388,0.0869588730475,0.086839226827,0.0866238636301,0.086839226827,0.0868152975829,0.0868152975829,0.0870306607798,0.087341740953,0.0881314060082,0.0881792644964,0.0881553352523,0.0882271229846,0.0883946276933,0.0884185569374,0.0889210710634,0.0891125050162,0.0893039389689,0.0894475144335,0.0892321512367,0.0895432314099,0.0902611087328,0.090548259662,0.090308967221,0.0899739578036,0.0904286134415,0.0909071983234,0.0911225615203,0.0912182784967,0.0911943492526,0.0914575709376,0.0916729341345,0.0917207926227,0.091792580355,0.0918404388432,0.0923908114574,0.0929651133157,0.0933479812213,0.0932044057567,0.0929172548275,0.0933958397095,0.0936351321504,0.0938504953473,0.0939462123237,0.0942812217411,0.0948315943553,0.0948076651112,0.094999099064,0.0961716320247,0.0962194905129,0.0963391367334,0.0965544999302,0.0973680942295,0.0978945375997,0.098229547017,0.0990670705604,0.0991149290486,0.0997610186392,0.100048169568,0.100191745033,0.101005339332,0.101244631773,0.101651428923,0.101914650608,0.102345377002,0.102632527931,0.103158971301,0.103182900545,0.103493980718,0.103565768451,0.104020424088,0.103757202403,0.104068282577,0.104594725947,0.105623683443,0.105767258907,0.105815117396,0.105623683443,0.106245843789,0.106700499427,0.107514093727,0.107705527679,0.108112324829,0.108231971049,0.108710555931,0.108447334246,0.108543051223,0.109069494593,0.109548079475,0.110433461506,0.110840258656,0.110935975632,0.111318843538,0.111701711443,0.11191707464,0.111749569932,0.112180296325,0.112060650105,0.11179742842,0.112084579349,0.112156367081,0.11244351801,0.112060650105,0.111725640688,0.111749569932,0.111582065223,0.112036720861,0.112204225569,0.112228154814,0.111821357664,0.111605994467,0.112012791617,0.111534206735,0.112395659522,0.112491376499,0.112563164231,0.112419588766,0.112587093475,0.112922102892,0.112802456672,0.113328900042,0.11337675853,0.113233183066,0.113424617018,0.113041749113,0.113400687774,0.113927131144,0.114405716026,0.114501433003,0.114764654688,0.114333928294,0.114932159397,0.115291098058,0.115410744278,0.115482532011,0.115673965964,0.115458602767,0.11524323957,0.115745753696,0.115506461255,0.115626107475,0.116248267822,0.11670292346,0.11682256968,0.116798640436,0.116415772531,0.116655064971,0.117061862121,0.117396871538,0.117444730027,0.117707951712,0.117971173397,0.118377970546,0.11828225357,0.118473687523,0.118473687523,0.118712979964,0.118545475255,0.118593333743,0.118617262987,0.119024060137,0.118952272405,0.119311211066,0.118928343161,0.119430857287,0.119382998799,0.119406928043,0.120124805366,0.120627319492,0.121416984547,0.120770894956,0.120770894956,0.121369126059,0.121249479838,0.121656276988,0.121488772279,0.121034116641,0.121249479838,0.12120162135,0.120986258153,0.121010187397,0.120555531759,0.120340168562,0.120914470421,0.121058045885,0.121249479838,0.121584489255,0.121464843035,0.121034116641,0.121177692106,0.120411956295,0.12026838083,0.120100876121,0.11974193746,0.11933514031,0.119430857287,0.119550503507,0.11933514031,0.119143706358,0.119622291239,0.119502645019,0.119550503507,0.119789795948,0.119933371413,0.120435885539,0.120435885539,0.120076946877,0.119933371413,0.120053017633,0.120507673271,0.12014873461,0.120507673271,0.120459814783,0.1207948242,0.12014873461,0.119909442169,0.119622291239,0.11880869694,0.118641192232,0.118354041302,0.118066890373,0.118354041302,0.117827597932,0.117971173397,0.117396871538,0.117301154562,0.117396871538,0.117205437586,0.117061862121,0.117325083806,0.116870428168,0.116750781948,0.116535418751,0.116200409334,0.116080763113,0.116224338578,0.116056833869,0.116200409334,0.115985046137,0.11576968294,0.116320055554,0.116152550845,0.11588932916,0.116104692357,0.115985046137,0.116559347995,0.116032904625,0.116056833869,0.116415772531,0.115650036719,0.11536288579,0.115267168814,0.114621079223,0.114621079223,0.114046777365,0.1139032019,0.114214282074,0.11430999905,0.114046777365,0.113855343412,0.113855343412,0.113520333995,0.113448546263,0.11273066894,0.112682810451,0.112467447255,0.112371730278,0.112299942546,0.111821357664,0.111653852955,