# R script for Peak Model
#  -- generated by MACS
p <- c(0.0338515356521,0.035204287963,0.0366661332022,0.0382152527841,0.0395680050951,0.040986213163,0.0425026048664,0.0438226292988,0.0451972001955,0.0467899569487,0.0482081650166,0.0497572845985,0.0511318554951,0.0525609728558,0.0537282671887,0.0550155637426,0.0562046766611,0.0575028825079,0.0586810861336,0.0600883849087,0.0615175022694,0.0628702545803,0.0642666440626,0.065652124252,0.0669939672702,0.0675067040332,0.067386701812,0.0674957947403,0.0675612504973,0.0677467084754,0.0675939783758,0.0675612504973,0.0678776199894,0.0678885292822,0.0678776199894,0.0681721708958,0.0685321775592,0.0687067262445,0.0688703656369,0.069121279372,0.0693067373502,0.0696558347207,0.0698085648203,0.0701249343124,0.0702012993622,0.070277664412,0.0701031157268,0.0703322108762,0.0703649387547,0.0702994829977,0.0702885737049,0.0703758480475,0.0702994829977,0.0702558458264,0.0703213015834,0.0704194852188,0.070474031683,0.0705067595615,0.0707467640037,0.0707576732966,0.0706485803683,0.0704303945117,0.0705831246113,0.0706594896611,0.0708776755177,0.0708885848105,0.07111767996,0.0712595007668,0.0714013215736,0.0714449587449,0.0714231401592,0.0713795029879,0.0713685936951,0.0713358658166,0.0714776866234,0.0711613171313,0.0712485914739,0.0712376821811,0.0712158635954,0.0711722264241,0.0713904122807,0.0712267728883,0.0712595007668,0.0712813193524,0.071564960966,0.0712376821811,0.0710740427886,0.0711394985456,0.0711613171313,0.0710958613743,0.0710631334958,0.0710304056173,0.07111767996,0.070986768446,0.0709322219819,0.0707794918822,0.0708994941034,0.0704849409758,0.0707031268324,0.0708231290536,0.0709540405675,0.070921312689,0.0709322219819,0.0709540405675,0.0710304056173,0.0709104033962,0.0707031268324,0.0706922175396,0.0705613060256,0.0704194852188,0.07053948744,0.07053948744,0.0706485803683,0.0708231290536,0.0708122197607,0.0707685825894,0.0707358547109,0.0706049431969,0.0706922175396,0.0706922175396,0.0707140361253,0.0708122197607,0.0708122197607,0.0710194963245,0.0706158524898,0.0705285781471,0.0705503967328,0.0705067595615,0.0703322108762,0.0702449365336,0.0703322108762,0.0705176688543,0.0705176688543,0.0704413038045,0.0704522130973,0.0706922175396,0.0708776755177,0.0707358547109,0.0707031268324,0.0707576732966,0.070986768446,0.070855856932,0.0707031268324,0.0705176688543,0.0705940339041,0.0706594896611,0.0705613060256,0.0708340383464,0.0707358547109,0.0706813082468,0.0705285781471,0.0704522130973,0.07053948744,0.070343120169,0.070277664412,0.0702012993622,0.0701576621909,0.0704631223902,0.0701685714837,0.0698412926988,0.0698412926988,0.06996129492,0.0699067484558,0.0695031046211,0.0695140139139,0.0696558347207,0.0697540183562,0.0697321997705,0.0697540183562,0.0696012882566,0.0695031046211,0.0694049209856,0.0695467417924,0.0694376488641,0.0699176577486,0.0700376599698,0.0702340272407,0.0702667551192,0.0703213015834,0.0703649387547,0.0702340272407,0.0702994829977,0.0702558458264,0.0705067595615,0.0702885737049,0.0702558458264,0.0700485692626,0.0700594785554,0.069830383406,0.069895839163,0.0699503856271,0.0700158413841,0.0701467528981,0.0704849409758,0.0705503967328,0.0705831246113,0.0709104033962,0.0710958613743,0.0711831357169,0.0711831357169,0.0712704100596,0.0715976888445,0.071564960966,0.0715867795517,0.0716413260158,0.0718158747011,0.0719358769222,0.0718049654083,0.0720667884362,0.0724922508566,0.0723722486354,0.0724922508566,0.0724704322709,0.0725249787351,0.0727104367132,0.0728304389343,0.0727431645917,0.0730158969124,0.0727649831773,0.0730922619622,0.0731795363049,0.0733104478188,0.0732122641834,0.0730813526694,0.0730595340837,0.0730049876196,0.0729613504483,0.0729504411554,0.0733322664045,0.0735940894324,0.0736813637751,0.0738559124603,0.073943186803,0.0737577288249,0.0740740983169,0.0740304611456,0.0742050098309,0.074325012052,0.0744450142732,0.0745431979086,0.0744341049803,0.0744668328588,0.0745541072015,0.0742377377094,0.0744013771019,0.0744995607373,0.0742813748807,0.0742922841736,0.0742813748807,0.0744341049803,0.0744777421517,0.0743577399305,0.074521379323,0.0748813859864,0.075099571843,0.0752195740641,0.0751868461856,0.0752086647713,0.0754923063849,0.0754923063849,0.0756341271917,0.075612308606,0.0756886736558,0.0760268617335,0.0760050431479,0.0760377710264,0.076125045369,0.0761141360762,0.0765286892037,0.0763105033471,0.0766596007177,0.076834149403,0.0768450586958,0.0774232512158,0.0776087091939,0.0778814415147,0.0779468972717,0.0780341716143,0.0781105366641,0.0782087202996,0.0784487247419,0.0785905455486,0.0788414592837,0.0791687380686,0.0792669217041,0.0795069261464,0.0795614726105,0.0796269283675,0.0801505744234,0.0803469416943,0.0806633111864,0.0810887736068,0.0812305944135,0.0814705988558,0.0815033267343,0.0816887847124,0.082037882083,0.0820924285471,0.0823542515751,0.0825942560173,0.0831506299517,0.0833797251011,0.0837179131788,0.0841324663064,0.0842415592347,0.0843288335773,0.0847106588264,0.084928844683,0.0850161190256,0.0851688491252,0.0854634000317,0.0857579509381,0.0859215903305,0.0862052319441,0.0863797806294,0.0867506965856,0.0872088868845,0.0875361656694,0.0881143581894,0.08846345556,0.0884743648528,0.0886270949524,0.0891616503011,0.0891289224226,0.0893252896935,0.0896525684784,0.0899580286777,0.0900998494845,0.0900562123132,0.0900998494845,0.0902416702913,0.0906344048332,0.0907544070543,0.0909725929109,0.0913325995743,0.0915507854309,0.0918126084588,0.0921180686581,0.0923689823932,0.0924017102717,0.0925108032,0.0923689823932,0.0924017102717,0.0927835355207,0.0930126306701,0.0932089979411,0.0931326328913,0.0932962722837,0.093601732483,0.0938526462181,0.0939290112679,0.0940708320747,0.0938744648037,0.0936890068256,0.0937653718754,0.0942235621743,0.0945399316664,0.0947144803517,0.0949872126724,0.095270854286,0.0955435866067,0.0959254118558,0.0961654162981,0.0962635999335,0.0965254229615,0.0967763366966,0.0967654274037,0.0970599783101,0.0971036154815,0.0975399871947,0.0976708987086,0.0980527239577,0.0982709098143,0.0983800027426,0.0982818191071,0.0986527350634,0.0989254673841,0.0992963833403,0.0995145691969,0.0996891178822,0.100060033838,0.0998418479818,0.100038215253,0.100256401109,0.100234582524,0.100540042723,0.100769137872,0.101063688779,0.100878230801,0.100812775044,0.100769137872,0.101325511807,0.101674609177,0.102045525134,0.10218734594,0.102329166747,0.102743719875,0.103016452195,0.103256456638,0.103234638052,0.103169182295,0.103376458859,0.103823739865,0.1040746536,0.104216474407,0.104052835014,0.104260111578,0.104489206727,0.104543753192,0.10480557622,0.104903759855,0.104620118241,0.104892850562,0.10507830854,0.105187401469,0.105056489955,0.105220129347,0.105274675811,0.10523103864,0.105274675811,0.105481952375,0.105471043082,0.105427405911,0.105481952375,0.105896505503,0.106060144895,0.106223784287,0.106725611758,0.107183802057,0.107358350742,0.107369260035,0.107740175991,0.108372914975,0.10854746366,0.10885292386,0.109038381838,0.1097038487,0.109769304457,0.110063855364,0.110631138591,0.110947508083,0.110969326669,0.111372970503,0.111307514746,0.11151479131,0.111689339995,0.11174388646,0.112158439587,0.11216934888,0.112420262615,0.112911180792,0.113391189677,0.113543919777,0.113969382197,0.114460300374,0.11490758138,0.115005765016,0.115202132287,0.115365771679,0.115376680972,0.115671231878,0.116314880155,0.116522156719,0.117002165604,0.117623995295,0.118093094887,0.11845310155,0.118878563971,0.119205842755,0.119511302955,0.119980402546,0.120471320724,0.120929511023,0.12149679425,0.121954984549,0.122107714648,0.122642269997,0.122980458075,0.123220462517,0.123907747965,0.124507759071,0.124780491392,0.124867765734,0.125336865326,0.125762327746,0.126155062288,0.12619869946,0.126798710565,0.127322356621,0.127911458434,0.128751473982,0.129416940844,0.129886040436,0.130278774978,0.130726055984,0.131478797189,0.132187901223,0.132427905666,0.133180646871,0.134042481004,0.134369759789,0.134609764232,0.135067954531,0.135580691294,0.136147974521,0.136649801991,0.137347996732,0.13811164723,