# R script for Peak Model
#  -- generated by MACS
p <- c(0.0348755629211,0.0362644691537,0.0375386950551,0.0389148590286,0.0403419920381,0.0415142798674,0.0428904438409,0.0442283810374,0.045668256306,0.0471718428696,0.0486881716923,0.0501407892198,0.0515806644884,0.0529568284619,0.0544094459895,0.055772867704,0.0574166191168,0.0588310098674,0.0600797512507,0.0617107604045,0.0632270892272,0.0645522841646,0.0659157058791,0.0675212305149,0.0689611057834,0.0690757861146,0.0691267551506,0.0690503015965,0.0689993325605,0.0692796622588,0.069458053885,0.0695727342161,0.0695982187341,0.0695472496981,0.0696109609931,0.0697256413243,0.0697383835833,0.0700059710226,0.0700951668357,0.0701843626488,0.0704519500881,0.0705793726782,0.0705793726782,0.0705411459012,0.0705538881602,0.0706430839733,0.0706685684913,0.0706558262323,0.0708214755995,0.0708087333405,0.0704519500881,0.0702990429799,0.0702990429799,0.0701333936127,0.0700314555406,0.0703117852389,0.0703245274979,0.0702098471668,0.0700951668357,0.0698020948784,0.0695345074391,0.0695599919571,0.0695472496981,0.06952176518,0.0692414354817,0.0690757861146,0.0687954564162,0.0687572296392,0.0687954564162,0.0684514154229,0.0683494773508,0.0683367350917,0.0683367350917,0.0678652715082,0.0677378489181,0.0675467150329,0.0672663853346,0.0673938079247,0.0679417250623,0.067623168587,0.0673428388887,0.0670752514494,0.0670879937084,0.0671771895215,0.0670625091904,0.0670497669313,0.0669350866002,0.0668458907871,0.0666420146429,0.066756694974,0.0666165301249,0.0665528188298,0.0663999117216,0.0663107159085,0.0663234581675,0.0662979736495,0.0664636230167,0.0662470046135,0.0660686129873,0.0662342623544,0.0661960355774,0.0663362004266,0.0662215200954,0.0663234581675,0.0663616849446,0.0662215200954,0.0662979736495,0.0665400765708,0.0665400765708,0.0665018497937,0.0666547569019,0.0664381384987,0.0663744272036,0.0664381384987,0.066782179492,0.0671517050035,0.0672281585575,0.0672281585575,0.0673428388887,0.0675976840689,0.0676996221411,0.0678270447312,0.0679034982853,0.0680691476525,0.0684259309048,0.0688081986753,0.0691649819277,0.0692159509637,0.0689738480424,0.0690757861146,0.0692159509637,0.0693816003309,0.0695727342161,0.0697766103603,0.0699167752095,0.0699677442455,0.0702608162029,0.0702608162029,0.070400981052,0.07042646557,0.0707577643044,0.0707959910814,0.0712547124059,0.071343908219,0.0714203617731,0.0717644027665,0.0716369801764,0.0717516605075,0.0718663408386,0.0719427943927,0.0721084437599,0.072261350868,0.0725671650844,0.0727455567106,0.0727455567106,0.0730258864089,0.073115082222,0.073153308999,0.073127824481,0.0734336386973,0.0736884838776,0.0739051022808,0.0741089784251,0.0738923600218,0.0737267106546,0.0735865458055,0.0736375148415,0.0738541332448,0.0739305867989,0.0739051022808,0.0737394529137,0.0738668755038,0.0737267106546,0.0739051022808,0.0738541332448,0.0738159064677,0.0739178445399,0.0738159064677,0.0738286487268,0.0737394529137,0.0736120303235,0.0735992880645,0.0732042780351,0.0729112060778,0.07314056674,0.0735228345104,0.0733954119203,0.0735100922514,0.0733826696613,0.073153308999,0.0730258864089,0.07314056674,0.0732042780351,0.0733444428842,0.0733189583662,0.07314056674,0.0732042780351,0.0733189583662,0.0733571851432,0.073153308999,0.0732170202941,0.0729494328548,0.0728474947827,0.0727200721925,0.0730641131859,0.0728092680056,0.0725926496024,0.0726691031565,0.0729876596318,0.073127824481,0.0729112060778,0.0729366905958,0.0727328144516,0.0728857215597,0.0730641131859,0.0732934738482,0.0731915357761,0.073178793517,0.0732425048121,0.073127824481,0.0732170202941,0.0730386286679,0.0731915357761,0.0733189583662,0.0732552470711,0.073127824481,0.0729876596318,0.0729876596318,0.0728092680056,0.0728857215597,0.0730004018908,0.0730641131859,0.0732807315892,0.0733699274023,0.073153308999,0.0728857215597,0.0730768554449,0.0730641131859,0.0732170202941,0.0733699274023,0.0732679893301,0.0732807315892,0.0728474947827,0.0727073299335,0.0726945876745,0.0727710412286,0.0728602370417,0.0730004018908,0.0728729793007,0.0728347525237,0.0726945876745,0.0727582989696,0.0728092680056,0.0727965257466,0.0726308763794,0.0727710412286,0.0727582989696,0.0727455567106,0.0725416805663,0.0724270002352,0.0724270002352,0.0723632889402,0.0724652270123,0.0726181341204,0.0725799073434,0.0724652270123,0.0724015157172,0.0724652270123,0.0725926496024,0.0727073299335,0.0728474947827,0.0727328144516,0.0727200721925,0.0724652270123,0.0723123199041,0.0724397424942,0.0725161960483,0.0726053918614,0.0727328144516,0.0728729793007,0.07314056674,0.073153308999,0.0732552470711,0.0734846077334,0.0735228345104,0.0738923600218,0.0737521951727,0.0736502571006,0.0738159064677,0.0739178445399,0.0739815558349,0.0741089784251,0.0742109164972,0.0743893081234,0.0746441533036,0.0745931842676,0.0748607717069,0.0749117407429,0.0753194930314,0.0755615959527,0.0761859666443,0.0765937189328,0.0773200276966,0.077727779985,0.0780081096833,0.0782247280866,0.078619738116,0.0786961916701,0.0792058820306,0.0796518610961,0.0800850979026,0.080492850191,0.0808368911844,0.0809643137746,0.081372066063,0.0814740041351,0.0820601480498,0.0823914467841,0.0825316116333,0.0826717764824,0.0827864568136,0.0828883948857,0.0833853429872,0.0839969714199,0.0845194040394,0.0847232801837,0.0850928056951,0.0854495889475,0.0858573412359,0.0861631554522,0.0863925161145,0.0867620416259,0.0872972165045,0.0875010926487,0.087794164606,0.087781422347,0.0882783704486,0.088660638219,0.0890429059894,0.0894761427959,0.0898201837892,0.0898966373433,0.0902916473728,0.0905847193301,0.0908013377333,0.0910944096906,0.0910816674316,0.0913747393889,0.091387481648,0.0917824916774,0.0918334607134,0.0920245945987,0.0916805536053,0.0918334607134,0.0920500791167,0.0922284707429,0.0924196046281,0.0927763878805,0.0926617075494,0.0927254188444,0.0929420372477,0.093247851464,0.093286078241,0.0934644698672,0.0933243050181,0.0936301192344,0.0937320573065,0.0936046347164,0.0940378715229,0.0942544899261,0.0944328815523,0.0950317677259,0.095120963539,0.0952101593521,0.0954522622734,0.0958217877848,0.095974694893,0.096000179411,0.0961148597421,0.0962805091093,0.0963697049224,0.0965990655847,0.0963824471814,0.0967137459158,0.0970195601321,0.0973126320894,0.0974782814566,0.0976566730828,0.0976948998599,0.0975037659747,0.0977586111549,0.097784095673,0.0980007140762,0.0980389408532,0.0981536211844,0.0983702395876,0.098765249617,0.09872702284,0.0988034763941,0.0988417031711,0.0990455793153,0.0992367132005,0.0993131667546,0.0992112286825,0.0991984864235,0.0992367132005,0.0992876822366,0.0994151048267,0.099606238712,0.099618980971,0.0994023625677,0.0992239709415,0.0994278470858,0.0998101148562,0.100294320699,0.100370774253,0.100510939102,0.100625619433,0.100510939102,0.100893206872,0.100982402685,0.101020629462,0.101262732384,0.101453866269,0.101262732384,0.10105885624,0.101071598499,0.101160794312,0.10105885624,0.101339185938,0.101364670456,0.101530319823,0.101938072112,0.101938072112,0.101989041148,0.102167432774,0.102269370846,0.10247324699,0.102524216026,0.102919226056,0.103263267049,0.103594565783,0.10363279256,0.103849410964,0.103823926446,0.103976833554,0.104499266173,0.104703142318,0.105072667829,0.105110894606,0.105072667829,0.10518734816,0.10544219334,0.105926399183,0.106397862766,0.106423347284,0.107022233458,0.107442728006,0.107697573186,0.108232748064,0.108691469389,0.109099221677,0.109303097822,0.109659881074,0.109876499477,0.110347963061,0.110577323723,0.110972333752,0.111367343782,0.111634931221,0.112131879323,0.112667054201,0.112921899382,0.113100291008,0.113406105224,0.113992249139,0.114463712722,0.114654846607,0.11566148507,0.115763423142,0.116094721876,0.116527958682,0.116744577086,0.116986680007,0.117572823922,0.11772573103,0.117738473289,0.118197194613,0.118847049823,0.119356740184,0.119484162774,0.120235956056,0.120898553524,0.121803253914,0.122516820419,0.122911830448,0.122950057225,0.12366362373,0.124160571832,0.124823169301,0.125460282251,0.126224817792,0.126976611074,0.127562754989,0.128046960831,