# R script for Peak Model
#  -- generated by MACS
p <- c(0.0336195356081,0.0351209511995,0.0366629455907,0.0379005989837,0.039422303975,0.0408425619669,0.0419787683604,0.0435613415514,0.0447584161445,0.0461380953366,0.0474163275293,0.0486134021225,0.0498307661156,0.0511089983083,0.0523669411011,0.0538683566925,0.0551262994853,0.0564653998777,0.0577436320704,0.0588392596641,0.0599754660577,0.0612739876502,0.0627551138418,0.0641753718337,0.0654738934263,0.0654738934263,0.0657782344245,0.0657173662249,0.0659608390235,0.0659405496236,0.0657985238244,0.0654536040264,0.0655753404257,0.0650883948285,0.0657173662249,0.065879681424,0.0658391026242,0.0661840224222,0.0659405496236,0.0660217072231,0.0664680740206,0.0668941514182,0.0668738620183,0.0669144408181,0.0669550196178,0.0669144408181,0.0671173348169,0.0669955984176,0.067097045417,0.0672999394159,0.0673810970154,0.0671579136167,0.0666709680194,0.0671984924164,0.0668535726184,0.0669144408181,0.0670361772174,0.0668535726184,0.0667318362191,0.0665898104199,0.0665086528204,0.0669550196178,0.0671782030165,0.0672999394159,0.0674013864153,0.0671984924164,0.0676042804141,0.0674825440148,0.0675231228146,0.0679897790119,0.0681115154112,0.0679086214124,0.067624569814,0.0674216758152,0.0676448592139,0.0678274638128,0.0680709366115,0.0681926730108,0.0680912260113,0.068152094211,0.0682129624106,0.0684158564095,0.0685375928088,0.068679618608,0.0684361458094,0.0683144094101,0.0684361458094,0.0686593292081,0.0687607762075,0.0686390398082,0.0686999080079,0.0685781716086,0.0690651172058,0.069369458204,0.0695723522029,0.0696332204025,0.0695114840032,0.0695723522029,0.0693288794043,0.0692274324048,0.0694506158036,0.0694506158036,0.0696332204025,0.0692274324048,0.0697549568018,0.0695926416028,0.0698361144014,0.0696535098024,0.0698361144014,0.0699375614008,0.0699375614008,0.0696535098024,0.0699172720009,0.0700187190003,0.0702419023991,0.0701201659998,0.0697549568018,0.0700390084002,0.0699375614008,0.0697752462017,0.0699375614008,0.0705259539974,0.0706882691965,0.0708302949957,0.0707288479963,0.0707491373962,0.0705056645976,0.0705665327972,0.0700187190003,0.0697955356016,0.069896982601,0.0700187190003,0.069896982601,0.0703433493985,0.0703839281982,0.0700795872,0.0700998765999,0.0698158250015,0.0699781402006,0.0701810341994,0.0701404553996,0.0698564038013,0.0698361144014,0.0696129310026,0.0691665642052,0.0695317734031,0.069734667402,0.0700998765999,0.0700187190003,0.0698361144014,0.0695926416028,0.0699578508007,0.0702419023991,0.0706679797966,0.0704853751977,0.0708100055958,0.0706476903967,0.0707288479963,0.0711549253938,0.0711752147937,0.0713172405929,0.0714389769922,0.071479555792,0.0715201345918,0.0713983981925,0.0719462119893,0.0721491059882,0.0722911317874,0.0728592349841,0.0728592349841,0.0728186561844,0.0727983667845,0.0731432865825,0.0731027077827,0.0731027077827,0.0733664699812,0.0735287851803,0.0739751519777,0.0744215187752,0.0746447021739,0.0748881749725,0.0750302007717,0.0751113583713,0.0750910689714,0.0752736735703,0.0756997509679,0.0758823555669,0.0757403297677,0.075862066167,0.0757200403678,0.0757809085674,0.0763490117642,0.0760446707659,0.0764098799639,0.0768968255611,0.07707943016,0.0771808771595,0.0773837711583,0.0776475333568,0.0776272439569,0.0780330319546,0.0779924531548,0.0783576623527,0.0782765047532,0.0785808457515,0.0788851867497,0.0793112641473,0.0799402355437,0.0799402355437,0.0799808143435,0.0800822613429,0.0801228401427,0.0802242871421,0.0803866023412,0.0804271811409,0.0802242871421,0.0804880493406,0.0806503645396,0.0805489175402,0.0805286281403,0.0808735479384,0.0806503645396,0.080406891741,0.0804677599407,0.0805489175402,0.0804474705408,0.080772100939,0.0804880493406,0.0806503645396,0.0812387571363,0.0816242557341,0.081806860333,0.0818677285327,0.0817865709332,0.0820300437318,0.0820909119314,0.0819083073325,0.0824561211293,0.0826590151282,0.083044513726,0.0831256713255,0.0829836455263,0.0834097229239,0.0831256713255,0.0831053819256,0.0826590151282,0.0824966999291,0.08233438473,0.0827401727277,0.083044513726,0.0830039349262,0.0832068289251,0.0831865395252,0.0833285653244,0.0830242243261,0.0825981469285,0.0824764105292,0.0823749635298,0.082172069531,0.0824358317295,0.0826793045281,0.0831053819256,0.0831053819256,0.0832676971247,0.0835923275229,0.0837952215217,0.0838155109216,0.0836329063226,0.0838560897213,0.0842415883191,0.0845053505176,0.0849314279152,0.0852154795136,0.0858038721102,0.0862096601079,0.0863516859071,0.0863313965072,0.0865342905061,0.0868386315043,0.0866560269054,0.0865545799059,0.0867371845049,0.0871226831027,0.0875284711004,0.0876299180998,0.0883806258955,0.0892124912908,0.0892530700905,0.0897400156878,0.0899631990865,0.0902675400848,0.0905515916831,0.090571881083,0.0912211418793,0.0916066404771,0.0923573482728,0.0924587952722,0.0928848726698,0.0928645832699,0.0930674772688,0.0934123970668,0.0937167380651,0.0940007896634,0.0941022366629,0.0947514974592,0.0953601794557,0.096009440252,0.0964760964493,0.0969021738469,0.0975920134429,0.0977137498422,0.0976325922427,0.0977340392421,0.0979978014406,0.0980789590402,0.0984847470378,0.0987687986362,0.0991340078341,0.0991948760338,0.0993571912329,0.099336901833,0.0998035580303,0.0999455838295,0.100290503628,0.100087609629,0.100493397626,0.100960053824,0.101406420621,0.101791919219,0.102075970817,0.102278864816,0.102035392018,0.102217996617,0.102644074014,0.103273045411,0.103090440812,0.103131019611,0.103678833408,0.103800569808,0.104064332006,0.104409251804,0.104429541204,0.104470120004,0.104673014003,0.1050382232,0.1051193808,0.105849799196,0.106012114395,0.106539638792,0.107026584389,0.107046873789,0.107371504187,0.107310635987,0.107716423985,0.107533819386,0.107310635987,0.107249767788,0.107452661787,0.107554108786,0.107371504187,0.107614976986,0.107817870985,0.108385974181,0.10867002578,0.108872919779,0.109055524378,0.109258418376,0.109846810973,0.11037433537,0.110658386968,0.110983017367,0.110942438567,0.111084464366,0.110759833968,0.11207864496,0.112504722358,0.112545301158,0.113072825555,0.113133693754,0.113296008953,0.113519192352,0.114310478948,0.115040897343,0.115122054943,0.115203212542,0.115182923143,0.115284370142,0.114716266945,0.114898871544,0.115264080742,0.115385817141,0.115771315739,0.116298840136,0.116461155335,0.116319129536,0.116562602335,0.116481444735,0.116968390332,0.117516204129,0.117881413327,0.118266911925,0.118124886126,0.118550963523,0.118490095324,0.118449516524,0.118956751521,0.119220513719,0.11913935612,0.119585722917,0.119869774516,0.12082337631,0.121310321908,0.121594373506,0.121817556905,0.122162476703,0.122223344902,0.122466817701,0.122284213102,0.122405949501,0.1226291329,0.122832026899,0.123176946697,0.123521866495,0.123907365093,0.123684181694,0.123339261896,0.123562445295,0.123176946697,0.123440708895,0.123846496893,0.124475468289,0.12435373189,0.124069680292,0.124089969692,0.123927654493,0.124171127291,0.124556625889,0.125104439686,0.125327623085,0.125287044285,0.125652253483,0.125753700482,0.12605804148,0.126017462681,0.12605804148,0.126382671879,0.126626144677,0.126910196276,0.126666723477,0.126565276478,0.126605855277,0.126829038676,0.127092800875,0.127234826674,0.128168139068,0.128350743667,0.128411611867,0.128898557464,0.129020293864,0.129081162063,0.128614505866,0.128472480067,0.128675374066,0.128776821065,0.128736242265,0.128797110465,0.128695663465,0.128857978664,0.129243477262,0.129324634862,0.129771001659,0.129446371261,0.129486950061,0.129547818261,0.129223187862,0.129486950061,0.12968984406,0.130115921457,0.130034763858,0.130014474458,0.12956810766,0.12956810766,0.129973895658,0.130197079057,0.130318815456,0.130399973056,0.130217368457,0.130298526056,0.130115921457,0.129730422859,0.129547818261,0.12960868646,0.12964926526,0.129852159259,0.129872448659,0.129933316858,0.129892738059,0.129344924262,0.129040583263,0.129121740863,0.129060872663,0.129182609063,0.128939136264,0.129081162063,0.128553637666,0.128695663465,0.128776821065,0.128695663465,0.128431901267,0.128391322467,0.128431901267,