# R script for Peak Model
#  -- generated by MACS
p <- c(0.0339229708956,0.035486706357,0.0368108371912,0.0381223572555,0.0394590988596,0.0407201758446,0.0421704143773,0.0435449882909,0.0450330591332,0.0464959084357,0.0480722546669,0.0492576670328,0.0508718455736,0.0523220841063,0.0538479872581,0.0553108365606,0.0565719135456,0.0580852059276,0.0594219475316,0.0607839106754,0.0623854784463,0.0639492139077,0.0654625062896,0.0668749125128,0.0683882048947,0.0682747079661,0.0679720494897,0.0682620971962,0.0681738218073,0.0684260372043,0.0685773664425,0.068867414149,0.0689809110777,0.0691700726254,0.069371844943,0.0694222880224,0.0694222880224,0.0695483957209,0.0696997249591,0.0696997249591,0.0699519403561,0.0701158803641,0.070292431142,0.0703680957611,0.0701915449832,0.0698258326576,0.0698510541973,0.069876275737,0.0699014972767,0.0697501680385,0.0697501680385,0.0694222880224,0.0694222880224,0.0694348987923,0.0694096772526,0.0695357849511,0.069371844943,0.0695483957209,0.0694096772526,0.0692961803239,0.0690691864666,0.0692205157048,0.0690313541571,0.0690944080063,0.068955689538,0.068955689538,0.0690061326174,0.0690187433872,0.0691574618556,0.0693087910938,0.0689935218475,0.0684764802837,0.0681612110375,0.0681486002676,0.0678585525611,0.067782887942,0.0678837741008,0.0676189479339,0.0675685048545,0.0674171756163,0.0673289002274,0.0671649602193,0.0669631879017,0.0669757986716,0.066937966362,0.066774026354,0.0669253555922,0.0668118586635,0.0667235832746,0.0666983617349,0.0666100863459,0.0662191524806,0.0660930447821,0.066017380163,0.0662065417108,0.06626959556,0.0664713678776,0.0665722540364,0.066685750965,0.0666983617349,0.0665974755761,0.0665974755761,0.0666100863459,0.0666353078856,0.0667488048143,0.0669001340525,0.0669884094414,0.0668875232826,0.0668623017429,0.0668118586635,0.0668749125128,0.0670388525208,0.067026241751,0.0669253555922,0.0669631879017,0.0669253555922,0.0669253555922,0.0665596432665,0.0661182663218,0.0658786616947,0.066017380163,0.0663326494092,0.066521810957,0.066521810957,0.0666983617349,0.0666731401952,0.0666226971158,0.0668370802032,0.066937966362,0.0670892956002,0.0670514632907,0.0670010202113,0.0671523494495,0.0671523494495,0.0673415109972,0.0673793433068,0.0675937263942,0.0677072233229,0.0679972710294,0.0681107679581,0.068199043347,0.0686404202917,0.0688421926093,0.0690691864666,0.0691070187762,0.0693466234033,0.0691070187762,0.0692205157048,0.0694979526415,0.0699771618958,0.0700906588244,0.0704311496104,0.0706455326978,0.0708473050154,0.0708599157853,0.070796861936,0.0709355804044,0.0711121311823,0.0711499634918,0.0714526219682,0.0715282865873,0.0715661188969,0.0717678912145,0.0716796158255,0.0717174481351,0.0717931127542,0.071893998913,0.0721336035401,0.0724867050959,0.0726254235642,0.0725497589451,0.072726309723,0.0726380343341,0.0725371481753,0.0725497589451,0.0727767528024,0.0729280820406,0.07297852512,0.0730794112788,0.0730794112788,0.0731172435884,0.0730794112788,0.0731676866678,0.0729406928105,0.0727641420326,0.0729911358899,0.0730037466597,0.0731172435884,0.0729659143502,0.0728902497311,0.0729406928105,0.0729659143502,0.0731046328185,0.0730794112788,0.0731802974376,0.0733694589854,0.0738234467,0.0738486682397,0.0739747759381,0.0740630513271,0.0741134944065,0.0740378297874,0.0738108359301,0.0736973390015,0.0736721174618,0.0736847282316,0.0736342851522,0.0734199020648,0.0737856143904,0.0737099497713,0.0735460097633,0.0736847282316,0.073482955914,0.0737856143904,0.0740378297874,0.0740756620969,0.0741008836366,0.074151326716,0.0741639374859,0.0741891590256,0.0743657098035,0.0744413744226,0.0746179252005,0.0748323082879,0.0748575298276,0.0748701405975,0.0749331944467,0.074907972907,0.0748575298276,0.0750088590658,0.0752989067724,0.0756520083282,0.0757024514076,0.0759924991141,0.0759546668045,0.075828559106,0.0760429421935,0.0760681637332,0.0763077683603,0.0765473729875,0.0764464868287,0.076673480686,0.0766104268367,0.0765978160669,0.0765095406779,0.0763203791302,0.0762321037412,0.0762699360508,0.0762068822015,0.0760303314236,0.0762321037412,0.076169049892,0.076585205297,0.0769635283925,0.0771905222498,0.0771400791704,0.0775057914961,0.0777832284327,0.0775310130358,0.0776066776549,0.0778967253614,0.0778967253614,0.0781237192187,0.0781111084488,0.0782498269172,0.0783633238458,0.0785398746237,0.0787164254016,0.0789181977192,0.0791704131162,0.0793091315846,0.0793974069735,0.0796117900609,0.0798513946881,0.0799144485373,0.0799901131564,0.0800783885454,0.0804567116409,0.080784591657,0.0808728670459,0.0810115855143,0.0809863639746,0.0813142439907,0.0815034055384,0.0817303993957,0.081957393253,0.0819447824831,0.0822726624992,0.0820078363324,0.0819447824831,0.0824744348168,0.0828527579123,0.0833067456269,0.0837102902621,0.0840129487385,0.0844417149134,0.0846182656913,0.0848452595486,0.0849713672471,0.0855892949697,0.0856775703586,0.0860054503747,0.0862954980813,0.0863711627004,0.0865855457878,0.0870395335024,0.0871025873517,0.0870647550421,0.0875313535265,0.0878592335426,0.088161892019,0.0883888858763,0.0883132212572,0.0880988381698,0.0881745027889,0.0884014966462,0.0885906581939,0.0885780474241,0.0886537120432,0.0885276043447,0.0885149935748,0.0887924305115,0.0890698674482,0.0893599151547,0.0898265136392,0.0900282859568,0.0904696629015,0.0905327167508,0.0905201059809,0.0908858183066,0.0910245367749,0.0912893629417,0.0911506444734,0.0915289675689,0.0914785244895,0.0918442368151,0.0919577337438,0.092109062982,0.0923108352996,0.092777433784,0.0926765476252,0.0926261045458,0.0924495537679,0.0924243322282,0.0927522122443,0.0926765476252,0.0928657091729,0.0929161522523,0.0930800922604,0.0927017691649,0.0929161522523,0.0932440322684,0.0932440322684,0.0932692538081,0.093445804586,0.0936475769036,0.0936854092132,0.0941646184675,0.0941141753881,0.0941898400072,0.0942781153961,0.0943537800152,0.0950599831268,0.0957283539288,0.0955644139208,0.0955770246906,0.095879683167,0.0963462816515,0.0967498262866,0.0971155386123,0.097645190946,0.0976578017158,0.0979352386525,0.0980361248113,0.0981244002003,0.0984144479068,0.0984396694465,0.0984396694465,0.0989945433199,0.0989441002405,0.0991080402485,0.0990575971691,0.0991837048676,0.0992467587169,0.0996881356616,0.0997007464315,0.0998772972094,0.0998016325903,0.100293452614,0.100419560313,0.100722218789,0.101012266496,0.101365368052,0.101567140369,0.101567140369,0.102159846552,0.102147235782,0.102500337338,0.102437283489,0.102828217354,0.102802995814,0.102954325053,0.103029989672,0.103320037378,0.103584863545,0.103862300482,0.104366731276,0.104303677427,0.104757665141,0.104972048229,0.105060323618,0.105350371324,0.105362982094,0.105602586721,0.106094406745,0.106598837539,0.106724945238,0.106724945238,0.106800609857,0.107317651421,0.10738070527,0.107544645278,0.107456369889,0.107658142207,0.107847303754,0.10818779454,0.108440009937,0.108994883811,0.108818333033,0.10904532689,0.109436260755,0.109675865383,0.110003745399,0.110533397732,0.110911720828,0.111214379304,0.111491816241,0.111996247035,0.112235851662,0.112172797813,0.1123871809,0.112538510138,0.112929444004,0.113686090195,0.114152688679,0.1141022456,0.114341850227,0.114430125616,0.11492194564,0.115199382577,0.115653370291,0.116119968776,0.11658656726,0.116750507268,0.116864004197,0.116876614967,0.116826171887,0.117217105753,0.117519764229,0.117620650388,0.117759368856,0.117961141174,0.11826379965,0.118490793507,0.118894338143,0.119386158167,0.120092361278,0.120659845922,0.121139055176,0.121328216724,0.12160565366,0.122135305994,0.122614515248,0.123043281423,0.12332071836,0.12332071836,0.123913424543,0.124102586091,0.124594406115,0.125048393829,0.125237555377,0.125956369258,0.126422967743,0.126486021592,0.126725626219,0.127053506235,0.127671433958,0.127986703204,0.128705517086,0.12920994788,0.129714378674,0.130080090999,0.130407971015,0.130218809468,0.130269252547,0.130483635635,0.131164617206,0.131580772611,0.132072592636,0.132286975723,0.132766184977,0.133131897303,0.133459777319,0.133775046565,0.134266866589,0.134607357375,0.13502351278,