# R script for Peak Model
#  -- generated by MACS
p <- c(0.0367094448697,0.0382065058496,0.0396280847633,0.0410496636771,0.0426725281007,0.0439179821933,0.0452263380077,0.0469498451863,0.0485601292656,0.0500823509342,0.0515542512255,0.0531645353047,0.054674176629,0.0564857462182,0.0579576465094,0.0594924485225,0.0608888667475,0.062574632893,0.0641597562835,0.0658077813959,0.0671916192765,0.0686257785346,0.0698083309053,0.0711795884416,0.0727395511434,0.0725760066666,0.0724627835673,0.0724627835673,0.0725634263222,0.0727143904546,0.0727143904546,0.0727898725209,0.0728401938983,0.0729030956202,0.073205023885,0.073544693183,0.073544693183,0.0734817914612,0.073783719726,0.0741485497127,0.0743749959114,0.0746517634875,0.0746517634875,0.0749788524411,0.0753436824278,0.075519807249,0.0754443251828,0.0759852799907,0.0761236637787,0.0763123689443,0.0763626903217,0.0764759134211,0.0767275203084,0.0769539665071,0.0767526809972,0.077155252017,0.0775075016593,0.0770671896064,0.0769539665071,0.0768533237521,0.0767526809972,0.0767149399641,0.0765891365204,0.0764130116992,0.0763752706661,0.076236886878,0.0764004313548,0.0763752706661,0.0761991458449,0.07609850309,0.0762243065337,0.0763249492886,0.0766897792753,0.0765136544542,0.0763501099774,0.0761991458449,0.0759726996463,0.0760859227456,0.0759475389576,0.0757839944808,0.0757210927589,0.0757965748251,0.0758343158582,0.0758972175801,0.07609850309,0.0761362441231,0.0760733424012,0.0760230210238,0.0755323875934,0.075419164494,0.0750543345073,0.0750040131299,0.0749159507193,0.0746140224544,0.0741737104015,0.0741108086796,0.0739598445472,0.0735321128386,0.0736327555936,0.0733811487062,0.073645335938,0.0734314700837,0.0733685683618,0.0731672828519,0.0732679256069,0.0730037383751,0.0727898725209,0.0730414794082,0.0730918007857,0.073205023885,0.0733434076731,0.0733308273287,0.0734817914612,0.0731924435407,0.0733559880175,0.0735698538718,0.0736075949049,0.0734566307724,0.0735321128386,0.0734817914612,0.0734440504281,0.0732553452625,0.0732679256069,0.0736201752492,0.073544693183,0.0739346838585,0.0744253172889,0.0744378976332,0.0744504779776,0.0745385403882,0.0745511207326,0.0743875762558,0.0743498352226,0.0743875762558,0.0740353266134,0.0739346838585,0.0739850052359,0.0740101659247,0.0743749959114,0.0742869335008,0.0746517634875,0.0747146652094,0.0744378976332,0.0744504779776,0.074702084865,0.0746769241763,0.0747901472756,0.0749285310636,0.0747649865868,0.0748278883087,0.0749285310636,0.0750040131299,0.0747272455537,0.0748782096862,0.0750291738186,0.075041754163,0.0750543345073,0.075041754163,0.0750794951961,0.0750040131299,0.0747649865868,0.0745511207326,0.0743372548783,0.0742995138452,0.0741485497127,0.0737208180042,0.0737711393817,0.0736579162823,0.0736956573154,0.0737963000704,0.0737333983486,0.0738340411035,0.0736579162823,0.0736201752492,0.0738088804148,0.0737082376598,0.073205023885,0.0730288990639,0.0728779349314,0.0726389083884,0.0727647118321,0.0727395511434,0.0726892297659,0.0725382656335,0.0724627835673,0.072387301501,0.072387301501,0.0723998818454,0.0722866587461,0.072248917713,0.0720476322031,0.0719973108256,0.072248917713,0.0722866587461,0.0721608553024,0.0722866587461,0.0723747211567,0.0723118194348,0.0723495604679,0.0723621408123,0.0722363373686,0.0721231142693,0.0722363373686,0.0723118194348,0.0721985963355,0.0723998818454,0.0724124621898,0.0723243997792,0.0722740784017,0.0721985963355,0.0725131049447,0.0724753639116,0.0727647118321,0.0730918007857,0.07330566664,0.0738214607591,0.0737711393817,0.0739221035141,0.0738592017922,0.0737711393817,0.0742617728121,0.074362415567,0.0742114514346,0.0742366121233,0.0741737104015,0.0742995138452,0.0747272455537,0.0751298165735,0.075280780706,0.0753814234609,0.0756078696596,0.0758343158582,0.0760356013681,0.0762872082555,0.0765891365204,0.0766897792753,0.0768030023747,0.0767652613416,0.0769791271958,0.0773313768382,0.0773565375269,0.0772055733945,0.0773439571825,0.0776081444143,0.077733947858,0.0776458854474,0.0774068589044,0.0774194392488,0.0778471709573,0.077972974401,0.0777716888911,0.0780610368116,0.0779352333679,0.0777591085467,0.0777465282024,0.0775829837256,0.0777716888911,0.0776962068249,0.0777087871693,0.077972974401,0.0781239385334,0.0784636078314,0.0784887685202,0.0783755454208,0.0783000633546,0.0783629650765,0.0784132864539,0.078551670242,0.0786397326526,0.0790045626393,0.0788284378181,0.0789668216062,0.0794951960697,0.0798222850233,0.0801242132882,0.0801367936325,0.0802625970762,0.0803758201756,0.0806022663742,0.0807532305066,0.0810677391159,0.0812312835927,0.0814451494469,0.081344506692,0.0814828904801,0.0814199887582,0.0816715956456,0.0819861042548,0.0819483632217,0.0822125504535,0.0825522197514,0.0828667283607,0.0830302728375,0.083319620758,0.0835460669566,0.0841625038307,0.0849173244929,0.0853953775789,0.0857476272212,0.0857853682544,0.0865024478834,0.0867666351152,0.087169206135,0.087508875433,0.0879491874859,0.0883517585057,0.0886788474593,0.0892072219228,0.0894588288102,0.0894085074327,0.0896726946645,0.0899243015519,0.090100426373,0.0906665418697,0.0909433094458,0.0911194342669,0.0913836214987,0.0915723266642,0.0918742549291,0.0918490942404,0.0919245763066,0.0919245763066,0.0919874780284,0.0920881207834,0.0921258618165,0.0925284328363,0.0925410131807,0.0925032721476,0.0923397276708,0.0927674593793,0.0925032721476,0.0926416559356,0.0926793969687,0.0929058431674,0.0930064859223,0.0935474407302,0.0935851817633,0.0935851817633,0.0938996903726,0.0936229227964,0.0938493689951,0.0941764579487,0.0940883955381,0.09395001175,0.0938493689951,0.093572601419,0.0934216372865,0.0933587355647,0.0929687448892,0.0931951910879,0.0931574500548,0.0933335748759,0.0933209945316,0.0934593783196,0.0934090569422,0.0935851817633,0.0936606638295,0.0936480834852,0.0938745296838,0.0940129134719,0.0936732441739,0.0936480834852,0.093811627962,0.0936355031408,0.0934090569422,0.0934971193527,0.0936229227964,0.0936480834852,0.0937361458958,0.0937738869289,0.0938493689951,0.0940003331275,0.094050654505,0.0941638776043,0.0943651631142,0.094050654505,0.0943022613924,0.0945161272467,0.0949438589552,0.0948432162003,0.0947928948228,0.0948809572334,0.095107403432,0.0952583675645,0.0955351351406,0.0951325641208,0.0950193410214,0.0950319213658,0.0948809572334,0.0950067606771,0.0948935375777,0.0947174127566,0.0947803144784,0.0947299931009,0.0949438589552,0.0954344923856,0.0954219120413,0.0953841710081,0.0955728761737,0.0956231975512,0.0952583675645,0.0953715906638,0.0956483582399,0.0955477154849,0.0954848137631,0.0955477154849,0.0956357778955,0.0958999651273,0.0959125454717,0.0961389916703,0.0963528575246,0.0965415626901,0.0966547857894,0.0967554285444,0.0968686516437,0.0968183302662,0.0966422054451,0.0969315533656,0.0968309106106,0.096981874743,0.097082517498,0.0968686516437,0.0970447764649,0.0969567140543,0.0969692943987,0.0972586423192,0.0972712226635,0.0973970261072,0.0977618560939,0.0982147484912,0.0988311853653,0.0989066674316,0.0988311853653,0.0990702119084,0.0991708546633,0.0996992291268,0.100164701868,0.1004288891,0.100680495988,0.100781138743,0.101007584941,0.101510798716,0.102190137312,0.102592708332,0.10273109212,0.102554967299,0.10261786902,0.103007859696,0.103183984517,0.103649457259,0.104492340332,0.104580402742,0.104794268596,0.105398125126,0.105788115802,0.106027142345,0.106329070609,0.106555516808,0.107083891272,0.107410980225,0.107725488834,0.107939354689,0.108228702609,0.10880739845,0.109172228437,0.109650281523,0.110166075642,0.110392521841,0.110883155271,0.111034119404,0.111373788702,0.112078287986,0.112719885549,0.113411804489,0.113638250688,0.11399050033,0.11439307135,0.114720160304,0.114833383403,0.115097570635,0.115235954423,0.115537882688,0.116330444383,0.11669527437,0.117034943668,0.117336871933,0.117814925019,0.118167174661,0.118657808091,0.119173602211,0.119878101495,0.120242931482,0.120318413548,0.121035493177,0.121312260753,0.121979019005,0.122796741389,0.123098669654,0.123639624462,0.123689945839,0.124054775826,0.124570569945,0.124985721309,0.125224747852,