# R script for Peak Model
#  -- generated by MACS
p <- c(0.0346961147046,0.0360475833152,0.037335899187,0.0389399787529,0.0402030335292,0.0415545021398,0.0429059707504,0.0442195477178,0.0457099523538,0.0468972238435,0.0480466036899,0.0495622694215,0.050863215841,0.052303098286,0.0535030003235,0.0549176216729,0.0562943513791,0.0577973865628,0.05922463846,0.0607276736438,0.0620412506112,0.0633674581263,0.064819971119,0.0661209175386,0.0674597556014,0.0676365832701,0.0677881498433,0.0681418051806,0.0684070466836,0.0684323077792,0.0683817855881,0.0681291746329,0.0681544357284,0.0683312633971,0.0683944161359,0.0681544357284,0.0684070466836,0.0685965049001,0.0685333521613,0.0684828299702,0.0688238547598,0.0688112242121,0.0686975492822,0.0687101798299,0.0685207216135,0.0687480714732,0.0686470270911,0.0687733325688,0.0688364853076,0.0688491158553,0.0688870074986,0.0688238547598,0.0687101798299,0.0683438939448,0.0681796968239,0.0682681106582,0.0682175884672,0.0683438939448,0.0680533913463,0.068280741206,0.0684575688747,0.0683944161359,0.0684828299702,0.0684701994225,0.0686343965434,0.0688491158553,0.0686722881867,0.0684701994225,0.068280741206,0.0683312633971,0.0681418051806,0.0681291746329,0.0681165440851,0.068015499703,0.0677123665567,0.0673334501238,0.0669292725954,0.0667524449267,0.0667145532834,0.0668913809521,0.0668661198566,0.0669040114999,0.0666387699968,0.0664998339714,0.0664872034237,0.066525095067,0.0662345924684,0.0662345924684,0.0664619423282,0.066525095067,0.0661335480863,0.0660703953475,0.0661840702774,0.0661209175386,0.0661840702774,0.066045134252,0.0660072426087,0.0660325037042,0.066045134252,0.0657925232967,0.0659440898699,0.0659819815132,0.0661082869908,0.0661840702774,0.0663482673983,0.0659946120609,0.066095656443,0.0658177843923,0.0658809371311,0.0658935676788,0.0659946120609,0.0658809371311,0.0659061982266,0.0658809371311,0.066045134252,0.0659314593221,0.066095656443,0.0661714397296,0.0663735284938,0.0661840702774,0.0664114201371,0.0664619423282,0.0666261394491,0.0667524449267,0.067055578073,0.0672576668372,0.0676744749134,0.0677502582,0.067535538888,0.0672576668372,0.0673460806716,0.0673081890283,0.0673966028626,0.0674597556014,0.067320819576,0.0674344945059,0.0673966028626,0.0674976472447,0.0674471250537,0.0674976472447,0.0677376276522,0.0679523469642,0.0678260414865,0.068015499703,0.0681418051806,0.0682049579194,0.0684070466836,0.068230219015,0.0683565244926,0.0685965049001,0.0683944161359,0.0682681106582,0.0685207216135,0.068760702021,0.068975421333,0.0691396184539,0.069291185027,0.0695816876256,0.0699984957018,0.0700995400839,0.0702258455615,0.0702132150137,0.0700111262495,0.0701248011794,0.0699606040585,0.0696574709122,0.0696195792689,0.0695564265301,0.069455382148,0.0694301210524,0.0695943181733,0.0696953625555,0.0695437959823,0.0695943181733,0.0697837763898,0.0699353429629,0.0696827320077,0.0697837763898,0.0699227124152,0.0700995400839,0.0700363873451,0.0700869095361,0.0701626928227,0.0701753233704,0.0703900426824,0.0703647815869,0.0705542398033,0.0704279343257,0.0703395204914,0.0705668703511,0.0706173925421,0.0705037176123,0.070731067472,0.0710089395228,0.0708321118541,0.0710089395228,0.0710089395228,0.071211028287,0.0712868115736,0.071211028287,0.0711731366437,0.0713499643124,0.071425747599,0.0715773141721,0.0715394225288,0.0718930778662,0.0718299251274,0.071741511293,0.0714131170512,0.0715015308855,0.0714889003378,0.0718930778662,0.0722341026558,0.072486713611,0.0727519551141,0.072966674426,0.0731940242858,0.0733203297634,0.0736487240052,0.073926596056,0.0740529015336,0.0743434041322,0.0743686652277,0.0743939263232,0.0743686652277,0.074621276183,0.0749496704248,0.0751138675457,0.0752275424756,0.0755559367174,0.0755180450741,0.0757201338383,0.075896961507,0.0761874641056,0.0762127252011,0.0765158583474,0.0766042721817,0.0769958191624,0.0773494744997,0.0771979079266,0.077387366143,0.0774252577863,0.077387366143,0.0772610606654,0.0775768243595,0.0776147160028,0.0778799575058,0.0780567851745,0.0778925880535,0.0782841350342,0.0788651402313,0.0791051206388,0.0789661846134,0.0788398791358,0.0791051206388,0.0790672289955,0.0791303817343,0.0791430122821,0.0795471898105,0.0796356036448,0.0799134756956,0.0798124313135,0.0797240174792,0.0794461454284,0.0791556428298,0.0794208843329,0.0796608647403,0.0797619091225,0.0797998007657,0.0798503229568,0.0801913477464,0.0803808059628,0.080747091848,0.081062855542,0.0813028359495,0.0809997028032,0.0813154664973,0.0814417719749,0.0815680774525,0.0816059690958,0.0821490826496,0.0824395852482,0.0825406296303,0.0826669351079,0.0828816544199,0.0829195460632,0.0831847875662,0.0833995068782,0.0836394872856,0.0838289455021,0.0841952313872,0.0845488867246,0.0849404337052,0.085167783565,0.0850793697306,0.0855845916411,0.0857740498576,0.0860266608128,0.0867466020353,0.087138149016,0.0870623657294,0.0875296959966,0.0879212429773,0.0883759426967,0.0886664452953,0.0891464061103,0.0895758447342,0.0901442193835,0.0904978747209,0.0908767911538,0.0909020522493,0.0913188603255,0.0917230378539,0.0925566540062,0.0932008119421,0.0935670978273,0.0938828615213,0.0942238863109,0.0944764972662,0.09501961082,0.095284852323,0.0954616799917,0.0955248327305,0.0960932073798,0.0963458183351,0.0968889318889,0.0969268235322,0.0971289122964,0.0974573065382,0.097735178589,0.0980635728308,0.098429858716,0.0987077307667,0.0989729722698,0.0994781941803,0.0996929134922,0.099920263352,0.0999834160908,0.100071829925,0.100311810333,0.100299179785,0.100513899097,0.100766510052,0.101233840319,0.101814845516,0.102004303733,0.102117978663,0.102155870306,0.102067456472,0.102193761949,0.10258530893,0.102446372905,0.102736875503,0.102635831121,0.10269898386,0.10281265879,0.102913703172,0.103002117006,0.103027378102,0.10292633372,0.103065269745,0.103178944675,0.103027378102,0.10281265879,0.102976855911,0.102964225363,0.102976855911,0.103191575223,0.103216836318,0.103052639197,0.102635831121,0.102686353312,0.102673722764,0.102282175784,0.102421111809,0.102383220166,0.102522156191,0.102522156191,0.102888442076,0.102888442076,0.102686353312,0.102787397694,0.102951594815,0.103242097414,0.103381033439,0.103469447273,0.103532600012,0.103355772343,0.103279989057,0.103519969464,0.103595752751,0.103671536038,0.103696797133,0.103381033439,0.103646274942,0.103570491655,0.103469447273,0.103860994254,0.103734688776,0.103444186178,0.10365890549,0.103823102611,0.103709427681,0.103974669184,0.103898885897,0.103797841515,0.104012560827,0.104252541235,0.104126235757,0.104303063426,0.104517782738,0.104555674381,0.1050103741,0.105174571221,0.105389290533,0.105616640393,0.105667162584,0.105919773539,0.106071340112,0.106399734354,0.106867064622,0.106968109004,0.107258611602,0.107877508443,0.108092227755,0.108433252544,0.108407991449,0.108925843907,0.108938474455,0.108988996646,0.108887952264,0.108951105002,0.109026888289,0.10907741048,0.108951105002,0.10930476034,0.109443696365,0.10992365718,0.110201529231,0.110353095804,0.110694120594,0.110795164976,0.11099725374,0.111275125791,0.111388800721,0.111451953459,0.111856130988,0.112121372491,0.112538180567,0.11280342207,0.112752899879,0.11314444686,0.113245491242,0.113548624388,0.114003324108,0.114331718349,0.114432762731,0.114356979445,0.114748526426,0.115013767929,0.115556881482,0.115544250935,0.115948428463,0.115923167368,0.115998950654,0.116112625584,0.116264192157,0.116099995036,0.116264192157,0.116201039418,0.116327344896,0.116276822705,0.116365236539,0.11602421175,0.11602421175,0.116314714348,0.11664310859,0.116655739138,0.116857827902,0.117363049812,0.118019838296,0.118057729939,0.118651365684,0.118979759926,0.11929552362,0.119434459646,0.120192292511,0.120558578396,0.121025908664,0.121467977835,0.121985830294,0.122301593988,0.122579466039,0.123008904662,0.12302153521,0.123526757121,0.123716215337,0.123893043006,0.12443615656,0.124903486827,0.1250550534,0.125206619973,0.1259013001,0.125913930648,0.125913930648,0.126204433246,0.126760177348,0.126937005017,0.12731592145,0.127555901857,0.127366443641,0.127972709933,