# R script for Peak Model
#  -- generated by MACS
p <- c(0.0369263311043,0.0382414206844,0.040248662675,0.0415291446346,0.0428788418352,0.0440901085537,0.0457166667186,0.0472394020218,0.0485544916019,0.0502502650079,0.0518076079317,0.0529842670296,0.054576217574,0.0562719909799,0.0574832576984,0.058832954899,0.0601134368586,0.0614285264387,0.0626051855366,0.0640587055989,0.0654084027995,0.0666542771385,0.0679693667186,0.0693190639192,0.0710148373251,0.0710148373251,0.0708417992225,0.0706341534993,0.0704265077762,0.0704265077762,0.070807191602,0.0707379763609,0.0705995458788,0.0713609135304,0.0710148373251,0.071395521151,0.0715339516331,0.0709802297046,0.0707725839814,0.070807191602,0.0704957230172,0.0706341534993,0.0703572925351,0.0700112163298,0.0707033687404,0.0709802297046,0.070807191602,0.0706687611199,0.0712224830483,0.0710840525662,0.0711186601867,0.0711878754278,0.0701496468119,0.0703572925351,0.0704611153967,0.0706341534993,0.070288077294,0.0704611153967,0.0707725839814,0.0704611153967,0.070218862053,0.0704957230172,0.0705303306377,0.0704611153967,0.0706341534993,0.0710494449457,0.0712570906689,0.0716031668741,0.0717762049768,0.0719838507,0.0720184583205,0.0721914964231,0.0724337497668,0.0723991421463,0.0719146354589,0.0716031668741,0.0719146354589,0.0717069897357,0.0716723821152,0.0712570906689,0.0713609135304,0.0715339516331,0.0716377744947,0.071395521151,0.0717415973563,0.0717415973563,0.071395521151,0.072053065941,0.0722953192847,0.0725721802489,0.0728836488337,0.0731605097979,0.0728490412132,0.0731951174185,0.0726760031105,0.0724337497668,0.0722607116642,0.0723299269052,0.0721568888026,0.0720184583205,0.0720184583205,0.0718454202178,0.0723645345258,0.0723991421463,0.0722607116642,0.0725029650079,0.0728144335926,0.0721914964231,0.0718454202178,0.0721568888026,0.0727452183516,0.0726760031105,0.0726067878695,0.0723299269052,0.0726760031105,0.0724683573874,0.0726760031105,0.0726760031105,0.0729182564542,0.0724683573874,0.0724683573874,0.0728144335926,0.0727798259721,0.0728836488337,0.0733335479006,0.0734373707622,0.0731259021774,0.0736450164853,0.0735411936238,0.073887269829,0.073887269829,0.073887269829,0.0740257003112,0.0741295231727,0.0737488393469,0.0736104088648,0.0741987384138,0.0741987384138,0.074475599378,0.0747524603423,0.0746486374807,0.0746140298601,0.0752023594091,0.0752369670297,0.0753407898913,0.0753061822707,0.075652258476,0.0758252965787,0.0755138279939,0.0761713727839,0.0760675499224,0.076828917574,0.0765520566098,0.0766558794713,0.0767943099535,0.0765866642303,0.0765174489892,0.0769673480561,0.0772788166409,0.0775902852256,0.0772096013998,0.0775556776051,0.0775556776051,0.0779363614309,0.0777287157077,0.0773480318819,0.0770365632972,0.0771057785382,0.0773826395025,0.0779363614309,0.0784554757388,0.0779363614309,0.0778671461899,0.0779017538104,0.0776941080872,0.0784208681183,0.0788361595647,0.078593906221,0.0786285138415,0.0783862604978,0.0784900833594,0.0784554757388,0.078593906221,0.0784900833594,0.0789745900468,0.0789053748057,0.0789053748057,0.078663121462,0.0784900833594,0.0784208681183,0.0784208681183,0.0783862604978,0.0784900833594,0.0783862604978,0.0788361595647,0.0790091976673,0.0791476281494,0.0790784129084,0.0797705653189,0.0797013500779,0.0796667424574,0.0791476281494,0.0797705653189,0.0797705653189,0.0798743881805,0.0799089958011,0.0800474262832,0.0802896796269,0.08049732535,0.0799436034216,0.0801858567653,0.0801512491448,0.0807395786937,0.0808087939348,0.0808087939348,0.0813279082427,0.0813279082427,0.0812586930017,0.0819508454123,0.0819162377917,0.0817431996891,0.0819854530328,0.0824007444791,0.0826776054434,0.0827122130639,0.0822969216175,0.0824353520997,0.0828852511665,0.0831275045102,0.0839926950235,0.0836120111976,0.084096517885,0.0839234797824,0.0841657331261,0.0844079864698,0.0849271007777,0.0848924931572,0.0853769998446,0.0858268989115,0.0858961141525,0.0858961141525,0.0859999370141,0.0862421903578,0.0865882665631,0.0865536589426,0.0869343427684,0.0871419884916,0.0875572799379,0.0875572799379,0.0874880646969,0.0874880646969,0.0877303180406,0.0873496342148,0.0875918875585,0.0877303180406,0.0880417866253,0.0880763942459,0.0880417866253,0.0875918875585,0.08769571042,0.0878341409022,0.0880071790048,0.0872804189737,0.0868305199068,0.0869343427684,0.0871765961121,0.0871765961121,0.0874880646969,0.086449836081,0.0864152284605,0.0867613046658,0.0867613046658,0.0871765961121,0.0873150265942,0.0878341409022,0.0881110018664,0.0889415847591,0.088872369518,0.0895299143081,0.0892876609644,0.0903951048213,0.091225687714,0.0926446001557,0.0929560687404,0.0927484230173,0.0926792077762,0.0927138153967,0.0927830306378,0.093059891602,0.0935790059099,0.0940981202179,0.0941673354589,0.0937520440126,0.0941673354589,0.0945480192848,0.0948594878695,0.0949979183516,0.0955170326596,0.0961053622085,0.0962784003112,0.0968321222397,0.0967975146191,0.0976973127529,0.0983548575429,0.0982510346813,0.0986317185072,0.0985625032661,0.0993930861588,0.100189061431,0.101054251944,0.101331112908,0.101677189114,0.102542379627,0.103719038725,0.104445798756,0.104653444479,0.105276381649,0.10534559689,0.105795495957,0.106245395023,0.106487648367,0.107456661742,0.107456661742,0.10797577605,0.108114206532,0.107837345568,0.107422054121,0.10801038367,0.108079598912,0.108667928461,0.108460282737,0.108287244635,0.107768130327,0.108183421773,0.108979397045,0.109117827527,0.109360080871,0.109844587558,0.109636941835,0.109463903733,0.109740764697,0.109775372317,0.11060595521,0.110329094246,0.110778993313,0.111055854277,0.111055854277,0.110986639036,0.110917423795,0.111401930482,0.111851829549,0.112370943857,0.112820842924,0.113166919129,0.113686033437,0.113962894401,0.114793477294,0.114724262053,0.114689654433,0.114585831571,0.114447401089,0.114482008709,0.114447401089,0.113928286781,0.113651425817,0.113755248678,0.114862692535,0.115312591602,0.115347199223,0.116212389736,0.116662288803,0.116281604977,0.116350820218,0.116385427838,0.116869934526,0.11780434028,0.117700517419,0.117735125039,0.117665909798,0.11780434028,0.117735125039,0.11714679549,0.117458264075,0.116800719285,0.116593073562,0.117008365008,0.117285225972,0.117389048834,0.11842727745,0.118807961275,0.118807961275,0.119257860342,0.119327075583,0.11977697465,0.11977697465,0.119638544168,0.119638544168,0.119707759409,0.119950012753,0.120088443235,0.119984620373,0.119500113686,0.119050214619,0.118219631726,0.118738746034,0.118946391758,0.118634923173,0.118634923173,0.11911942986,0.119257860342,0.120019227994,0.120157658476,0.119846189891,0.120226873717,0.120503734681,0.12043451944,0.119534721307,0.11974236703,0.120123050856,0.119603936548,0.119638544168,0.120053835614,0.120572949922,0.12105745661,0.120572949922,0.120849810887,0.121403532815,0.121265102333,0.121265102333,0.121230494712,0.121507355677,0.122026469985,0.121680393779,0.121680393779,0.121853431882,0.1217150014,0.121680393779,0.121576570918,0.121195887092,0.121403532815,0.121957254744,0.122164900467,0.122614799534,0.12240715381,0.122199508087,0.122441761431,0.12303009098,0.123376167185,0.123445382426,0.123376167185,0.123203129083,0.124137534837,0.124241357698,0.124241357698,0.124102927216,0.123999104355,0.124483611042,0.124275965319,0.124206750078,0.124275965319,0.124137534837,0.124552826283,0.125764093002,0.125764093002,0.125452624417,0.125591054899,0.125591054899,0.125383409176,0.125348801555,0.125383409176,0.125418016796,0.125037332971,0.12434518056,0.124033711975,0.124137534837,0.123618420529,0.123722243391,0.124102927216,0.123860673873,0.123722243391,0.123410774806,0.122787837636,0.122718622395,0.123133913842,0.122891660498,0.122753230016,0.122718622395,0.122753230016,0.122337938569,0.122026469985,0.121438140436,0.121230494712,0.120503734681,0.12043451944,0.120538342302,0.120503734681,0.120088443235,0.119950012753,0.119950012753,0.119707759409,0.120053835614,0.119500113686,0.119257860342,0.119638544168,0.119361683204,0.118980999378,0.118807961275,0.118980999378,0.118634923173,0.118254239347,0.117942770762,0.117389048834,