# R script for Peak Model
#  -- generated by MACS
p <- c(0.035588532791,0.0370356199272,0.0382006477064,0.0396967886438,0.041180666131,0.0424315380623,0.0439031520992,0.0453992930366,0.0466256380673,0.0479746176011,0.0493849143864,0.0508197380723,0.0520092927521,0.053284691584,0.0547072518197,0.0562033927571,0.0576014260921,0.0590853035793,0.0606059714173,0.0621756930566,0.0636473070935,0.0650453404285,0.0663084758101,0.067743299496,0.0692762307844,0.0694111287378,0.0695950804924,0.0696563977439,0.069460182539,0.0694724459893,0.0692639673341,0.069460182539,0.0694233921881,0.0695582901415,0.0697299784458,0.0694969728899,0.0695092363402,0.0693620749365,0.0695337632408,0.0693866018372,0.0693988652875,0.0695705535918,0.0692149135329,0.0692884942347,0.0691535962813,0.0692149135329,0.0693130211353,0.0691658597316,0.0689941714273,0.0693375480359,0.0692517038838,0.0691535962813,0.0692026500826,0.068981907977,0.0689328541758,0.0689696445267,0.0690432252286,0.068981907977,0.0691168059304,0.0692026500826,0.0691045424801,0.069141332831,0.0694847094396,0.0694724459893,0.0692884942347,0.0690554886789,0.0689083272752,0.0688838003746,0.0687243755206,0.0684055258126,0.0681602568065,0.0679640416015,0.0681970471574,0.0679763050519,0.0680008319525,0.0676451918936,0.0676942456948,0.067583874642,0.0676574553439,0.0676451918936,0.0675348208408,0.0672037076825,0.0670320193782,0.0670442828285,0.0668725945242,0.0665905351672,0.0665782717169,0.0668480676236,0.0667744869218,0.0667990138224,0.0668603310739,0.0666886427696,0.0668112772727,0.0667009062199,0.066982965577,0.0670074924776,0.0667622234715,0.0667744869218,0.0668358041733,0.0666150620678,0.0664065834126,0.0666027986175,0.0667254331205,0.0669339117758,0.0668358041733,0.0667622234715,0.0666886427696,0.0665782717169,0.0663575296113,0.0661367875058,0.0662226316579,0.0660018895524,0.0656953032947,0.065866991599,0.0660141530027,0.0661367875058,0.0661613144064,0.0661490509561,0.065866991599,0.0658547281487,0.0661490509561,0.0663330027107,0.0662962123598,0.0664311103132,0.0664311103132,0.0667009062199,0.0665292179156,0.0665169544653,0.0664924275647,0.0664065834126,0.0664311103132,0.0666395889684,0.0668603310739,0.0666273255181,0.0665414813659,0.0666273255181,0.0667376965708,0.0667744869218,0.0667622234715,0.0667009062199,0.0668480676236,0.066823540723,0.0670565462788,0.0673386056359,0.0670320193782,0.0671301269807,0.0673386056359,0.0674489766887,0.0674489766887,0.0675348208408,0.0676451918936,0.0673263421856,0.0676329284433,0.0674735035893,0.0676819822445,0.0681602568065,0.0678659339991,0.0680008319525,0.0682461009586,0.0683564720114,0.068221574058,0.0685036334151,0.0688347465733,0.068859273474,0.0689573810764,0.0690432252286,0.0690922790298,0.0690800155795,0.0695828170421,0.0697054515451,0.0696809246445,0.0696931880948,0.0694233921881,0.0694969728899,0.0691045424801,0.0693130211353,0.069460182539,0.0693375480359,0.0692149135329,0.0692762307844,0.0694356556384,0.0694356556384,0.0694724459893,0.0695460266912,0.0697545053464,0.0698526129488,0.0697177149955,0.0696441342936,0.0697912956973,0.0698894032998,0.0699261936507,0.069938457101,0.0698894032998,0.0698280860482,0.0700488281537,0.070220516458,0.070220516458,0.0702695702593,0.0705025758151,0.0705638930666,0.0707233179206,0.0709317965758,0.07069879102,0.0705761565169,0.0703676778617,0.0702082530077,0.0705025758151,0.0704780489145,0.0706129468679,0.0705884199673,0.0707355813709,0.0704289951133,0.0701714626568,0.0703186240605,0.0701224088556,0.0696809246445,0.0697667687967,0.0699016667501,0.0696931880948,0.0699139302004,0.0701591992065,0.0701714626568,0.0705516296163,0.0706252103182,0.0706374737685,0.070539366166,0.0704657854642,0.0705638930666,0.0707355813709,0.070858215874,0.0709563234765,0.0710421676286,0.0711034848801,0.0713119635354,0.0712261193832,0.0712874366348,0.0714468614887,0.0713610173366,0.07149591529,0.0717534477464,0.0716921304949,0.0717534477464,0.0719619264016,0.0719496629513,0.0719987167526,0.0718515553489,0.0716062863427,0.0716308132433,0.0717043939452,0.0717902380973,0.0718025015476,0.0717411842961,0.0719496629513,0.0722194588581,0.0722807761096,0.0722685126593,0.0721826685072,0.0723175664605,0.0721581416066,0.0722317223084,0.0723175664605,0.0725996258176,0.0727958410225,0.0725628354667,0.0726486796188,0.0732250617833,0.0733844866373,0.0732250617833,0.073335432836,0.073176007982,0.0730411100287,0.0732005348826,0.0733599597366,0.0738014439477,0.0740835033048,0.0741693474569,0.0744391433637,0.0749542082766,0.0750277889784,0.0749664717269,0.0747947834226,0.0751872138324,0.0756409614937,0.075849440149,0.0760456553539,0.0764012954128,0.0768673065244,0.0771738927821,0.077210683133,0.0771493658815,0.0774682155895,0.0779464901515,0.0780936515552,0.0782040226079,0.0784738185147,0.0786209799184,0.0791237813809,0.0794671579895,0.0796879000951,0.0802152284583,0.0805831319675,0.0809142451258,0.0812085679331,0.0817113693957,0.0822754881098,0.0826433916191,0.0832075103332,0.0834895696902,0.0839801077025,0.0847404416216,0.0852309796338,0.08547624864,0.085954523202,0.0864695881149,0.0870091799284,0.0873770834376,0.0876836696952,0.0881864711578,0.0885421112167,0.0889713319775,0.089192074083,0.0893637623873,0.0893882892879,0.0892411278842,0.0895722410425,0.0897684562474,0.0900137252536,0.0900627790548,0.0904919998156,0.0909212205763,0.0914976027407,0.0916938179456,0.0916815544953,0.0918655062499,0.0922456732095,0.0922211463088,0.0922088828585,0.0924173615138,0.092907899526,0.0929569533273,0.09306732438,0.0932758030353,0.0934965451408,0.0937540775972,0.0941710349077,0.094502148066,0.0944163039138,0.0944163039138,0.0946002556684,0.0945757287678,0.0946002556684,0.0950172129789,0.0949558957273,0.094784207423,0.0945144115163,0.0944040404635,0.0941955618083,0.0942936694107,0.0944285673641,0.09386444865,0.0939380293518,0.0942814059604,0.0940851907555,0.0937663410475,0.0937786044978,0.0936927603457,0.0936069161935,0.0937172872463,0.0938276582991,0.0939502928021,0.0938521851997,0.0939993466034,0.0943549866623,0.094502148066,0.0947228901715,0.0948087343236,0.0947228901715,0.0944898846156,0.0946983632709,0.094502148066,0.0943917770132,0.094502148066,0.0945389384169,0.0947228901715,0.0946493094696,0.0948577881249,0.0950049495285,0.0953605895874,0.0954709606402,0.0960105524537,0.0960350793543,0.0959492352022,0.095900181401,0.0960596062549,0.0959124448513,0.0960350793543,0.0963784559629,0.0964152463139,0.0962312945592,0.0960963966059,0.0960841331556,0.095900181401,0.0958879179506,0.0962435580096,0.0966237249691,0.0967218325715,0.0969425746771,0.0970284188292,0.0971142629814,0.097580274093,0.097580274093,0.0975434837421,0.0978255430992,0.0980340217544,0.0982915542108,0.0985490866673,0.0988924632759,0.0989537805274,0.0989660439777,0.0992235764342,0.0997386413471,0.0997263778967,0.0999103296514,0.100118808307,0.100155598657,0.100204652459,0.10064613667,0.101308362986,0.101320626437,0.1018479548,0.102031906554,0.102031906554,0.102093223806,0.10226491211,0.102559234918,0.103098826731,0.10344220334,0.103662945445,0.103491257141,0.103503520591,0.103994058604,0.104202537259,0.104276117961,0.104460069715,0.104705338721,0.105024188429,0.105306247786,0.105907156851,0.106152425858,0.106728808022,0.107231609485,0.107256136385,0.107881572351,0.107758937848,0.108151368258,0.10864190627,0.109169234633,0.109475820891,0.109941832003,0.110125783757,0.110407843114,0.110824800425,0.111082332881,0.111646451595,0.111989828204,0.112173779958,0.112468102766,0.112885060076,0.11344917879,0.1138170823,0.114013297504,0.114712314172,0.115104744582,0.115632072945,0.116098084057,0.116588622069,0.116870681426,0.117348955988,0.117545171193,0.117606488444,0.11823192441,0.118538510668,0.119176210084,0.119360161838,0.119728065348,0.119728065348,0.119936544003,0.120206339909,0.120991200729,0.121469475291,0.121543055993,0.122524132018,0.123505208042,0.124474020616,0.12500134898,0.125332462138,0.125737155998,0.126411645765,0.127135189333,0.127834206,0.128337007463,0.129330346938,0.129636933196,0.130556691969,0.131096283782,