# R script for Peak Model
#  -- generated by MACS
p <- c(0.03737778257,0.0386321556122,0.039962551263,0.0413943103919,0.0427500469123,0.0443972034323,0.0456895877788,0.0472353808207,0.0489078782103,0.0502889556001,0.0519741234245,0.0532158260319,0.0547236077695,0.0560286625507,0.0572576947234,0.0587274651566,0.0602099060247,0.0617937103708,0.0634281964561,0.0649106373241,0.0664944416703,0.067938871234,0.0696113686236,0.0709797755787,0.0723861938381,0.0723735234034,0.07228483036,0.0721834668818,0.0719680694907,0.0720567625341,0.0721454555775,0.0718540355778,0.0718667060126,0.0720187512298,0.0717526720997,0.0717400016649,0.0718667060126,0.0718033538387,0.0718033538387,0.0715372747086,0.0714232407957,0.0713852294913,0.0712585251437,0.0713978999261,0.0713725590566,0.0712331842741,0.0711951729698,0.0714105703609,0.0716132973172,0.0713725590566,0.0714485816652,0.0717526720997,0.0718540355778,0.0715879564477,0.071625967752,0.0713598886218,0.0714865929695,0.0713725590566,0.0712078434046,0.0711698321003,0.0709544347092,0.0711444912307,0.0710811390569,0.0712838660132,0.0713852294913,0.0712078434046,0.0713978999261,0.0712458547089,0.0709797755787,0.0709164234049,0.0706250034052,0.0706756851443,0.0706250034052,0.0708150599267,0.0709417642744,0.0709544347092,0.0712838660132,0.0714105703609,0.0713345477523,0.071296536448,0.0714359112304,0.0714865929695,0.0712078434046,0.0709290938396,0.070967105144,0.071017786883,0.0709924460135,0.0708404007963,0.070853071231,0.0709924460135,0.0710304573178,0.0710431277526,0.0710938094917,0.0711191503612,0.0709417642744,0.070967105144,0.0708277303615,0.070358924275,0.0702829016664,0.0703462538403,0.0702829016664,0.070358924275,0.070358924275,0.0707010260138,0.0709290938396,0.0709544347092,0.0708150599267,0.0709417642744,0.0707136964486,0.0708784121006,0.0707263668833,0.070688355579,0.0706123329704,0.0705869921009,0.0707643781876,0.0708910825353,0.0706756851443,0.0707010260138,0.0709164234049,0.0709924460135,0.071131820796,0.0709544347092,0.0706503442747,0.0705363103618,0.0704982990575,0.0705869921009,0.0705489807966,0.0704096060141,0.0707770486224,0.070802389492,0.0705109694923,0.0703715947098,0.0706123329704,0.0707897190572,0.0709037529701,0.070967105144,0.0710811390569,0.071017786883,0.071017786883,0.0710811390569,0.0709164234049,0.070967105144,0.0710557981873,0.0710938094917,0.0712711955784,0.0713852294913,0.0713725590566,0.0718793764474,0.0718793764474,0.0722088077514,0.072120114708,0.0720947738384,0.0720694329689,0.0721961373166,0.0718413651431,0.0716513086215,0.0718033538387,0.0717526720997,0.0720440920994,0.0719680694907,0.0721707964471,0.0724875573163,0.0725635799249,0.0727156251421,0.0727536364465,0.0728930112289,0.0730577268809,0.0729310225332,0.0726776138378,0.0725635799249,0.0725382390554,0.0724748868815,0.0725762503597,0.0725635799249,0.0726776138378,0.0725509094901,0.0726649434031,0.0729943747071,0.0729056816637,0.0732097720982,0.0734251694892,0.0735138625326,0.0734631807935,0.0735011920979,0.0735518738369,0.0734505103588,0.0732351129677,0.0735898851412,0.0737799416628,0.0739573277496,0.0740080094886,0.0738686347062,0.0738813051409,0.0738939755757,0.0736532373151,0.0737165894889,0.0738306234019,0.0737926120976,0.0738432938366,0.0735518738369,0.0738306234019,0.0735772147065,0.0736912486194,0.0736532373151,0.0740713616625,0.0744388042708,0.0742740886188,0.0745021564446,0.0744768155751,0.0746542016619,0.0747175538357,0.0745781790533,0.0746415312271,0.0745148268794,0.0745274973142,0.0744894860099,0.0743501112274,0.074375452097,0.074590849488,0.0746161903576,0.074869599053,0.0751230077484,0.0754777799219,0.0754397686176,0.0752623825308,0.0756424955739,0.0756424955739,0.0757438590521,0.0759339155736,0.0758705633998,0.0759719268779,0.0760859607908,0.0762760173124,0.0763140286167,0.0763266990515,0.0764660738339,0.0767068120945,0.0768715277465,0.0767068120945,0.0765040851382,0.0768335164422,0.0768081755727,0.0767448233988,0.0765294260078,0.0766561303555,0.0766941416598,0.0767194825293,0.0766054486164,0.0766181190512,0.0768968686161,0.0769602207899,0.0771629477462,0.0773149929635,0.0773149929635,0.0773530042678,0.0773276633982,0.0776190833979,0.0772643112244,0.0774543677459,0.0772896520939,0.0770869251376,0.0769602207899,0.0770615842681,0.077175618181,0.0770995955724,0.0770235729638,0.0772262999201,0.0774290268764,0.0773783451373,0.0775684016589,0.0773783451373,0.0772769816592,0.0769475503552,0.0772009590505,0.0773783451373,0.0772009590505,0.0773023225287,0.0772009590505,0.0771882886158,0.0774290268764,0.077340333833,0.0775557312241,0.0777837990499,0.0777711286152,0.077834480789,0.077834480789,0.0778978329629,0.0780118668758,0.0784680025275,0.0787340816577,0.0787847633967,0.079101524266,0.0796210120915,0.0801658407866,0.0805206129602,0.0806093060035,0.0808627146989,0.0808753851337,0.0812301573072,0.0812554981768,0.0813061799159,0.0814455546983,0.0815595886113,0.0818636790457,0.0819397016543,0.0821550990454,0.0822691329583,0.0826872573057,0.0827125981753,0.0833587903485,0.0840429938261,0.0843344138258,0.0844231068692,0.0847525381732,0.0849932764338,0.0851706625206,0.0852466851292,0.0854874233898,0.0859055477372,0.0861716268674,0.0864630468671,0.0869445233883,0.0870585573012,0.08740065904,0.0876667381702,0.0880468512132,0.0882749190391,0.088553668604,0.0887437251256,0.0888450886037,0.088997133821,0.089377246864,0.0895039512117,0.0898587233853,0.0904035520804,0.0906189494714,0.0909483807755,0.0910624146884,0.0912904825142,0.091632584253,0.0919873564266,0.0923674694696,0.0924054807739,0.0923674694696,0.0924688329478,0.0927982642518,0.09289962773,0.0934064451207,0.0932543999035,0.0932037181644,0.0933557633817,0.0933050816426,0.0934824677294,0.0934824677294,0.0934571268598,0.0938245694681,0.0940779781635,0.0941286599026,0.0942046825112,0.094052637294,0.0937992285986,0.0939892851201,0.0941286599026,0.0940906485983,0.0944327503371,0.0947875225106,0.0949395677278,0.0949522381626,0.0947875225106,0.0946988294672,0.0950155903365,0.0951676355537,0.0955224077272,0.0953957033795,0.0953450216405,0.0953450216405,0.0952183172928,0.0950029199017,0.0951549651189,0.0951042833798,0.0952563285971,0.0953070103362,0.0952563285971,0.0950789425103,0.0948508746845,0.0949395677278,0.0949775790322,0.0949268972931,0.0947241703368,0.0948255338149,0.0949142268583,0.0949775790322,0.094876215554,0.0950916129451,0.0954210442491,0.0955224077272,0.0957884868574,0.0957251346836,0.0961305885962,0.0967260990303,0.0968654738128,0.0973342798993,0.0973849616384,0.0972582572907,0.0974229729427,0.0972329164211,0.0971949051168,0.0974989955513,0.0976510407685,0.0978664381596,0.098284562507,0.098449278159,0.0985379712024,0.0988420616369,0.098943425115,0.0989941068541,0.0990574590279,0.0992221746799,0.0999190485923,0.100172457288,0.100514559026,0.100438536418,0.100514559026,0.101072058156,0.101388819026,0.101654898156,0.101920977286,0.102263079025,0.102339101633,0.10249114685,0.103035975546,0.103162679893,0.103289384241,0.103808872066,0.104011599023,0.104379041631,0.104328359892,0.104708472935,0.104860518152,0.105063245109,0.105164608587,0.105468699021,0.106203584238,0.106533015542,0.106786424237,0.106913128585,0.107065173802,0.10745795728,0.107736706845,0.107660684236,0.107838070323,0.108154831192,0.108585625975,0.108927727713,0.109320511191,0.109852669452,0.110308805103,0.110663577277,0.110929656407,0.110790281624,0.110878974668,0.111069031189,0.111259087711,0.111512496406,0.111829257276,0.112500790318,0.112906244231,0.113641129448,0.113729822491,0.11407192423,0.114211299012,0.114819479881,0.11513624075,0.115300956402,0.115668399011,0.115871125967,0.116086523358,0.116758056401,0.117176180748,0.11765765727,0.117860384226,0.118075781617,0.118607939877,0.119076745964,0.119684926833,0.120229755528,0.121002652049,0.121661514657,0.12228236596,0.122649808569,0.123207307699,0.123460716394,0.123878840741,0.124334976393,0.124461680741,0.125145884218,0.125652701609,0.126045485087,0.126412927695,0.126869063347,0.127413892042,0.127477244216,0.12778133465,0.128554231171,0.129035707693,