# R script for Peak Model
#  -- generated by MACS
p <- c(0.029550931382,0.0308877592303,0.0318727902763,0.0331392587641,0.0341242898102,0.035390758298,0.0363054299836,0.0373608203901,0.0385569295175,0.0400344760866,0.0408787884118,0.0418638194579,0.0427784911435,0.0439042409105,0.0450299906774,0.0462260998048,0.0473518495717,0.0488293961408,0.0500958646286,0.0515030518373,0.0526991609646,0.0539656294524,0.0549506604985,0.0560764102654,0.0569207225906,0.0569910819511,0.0567800038698,0.056498566428,0.0564282070676,0.0560764102654,0.0561467696259,0.0564282070676,0.0558653321841,0.055513535382,0.0550210198589,0.0544581449755,0.0547395824172,0.0546692230568,0.0548803011381,0.0546692230568,0.0550210198589,0.0547395824172,0.0541063481733,0.0541767075337,0.0544581449755,0.0541767075337,0.0541063481733,0.0545285043359,0.0545988636963,0.0541767075337,0.0540359888129,0.0539656294524,0.0541767075337,0.0539656294524,0.0541063481733,0.0537545513711,0.0541767075337,0.0542470668942,0.0538249107316,0.0532620358481,0.0532620358481,0.0536841920107,0.0541767075337,0.0545285043359,0.0548099417776,0.0552320979402,0.0551617385798,0.0546692230568,0.054387785615,0.0542470668942,0.0543174262546,0.0546692230568,0.0550913792194,0.0550210198589,0.0551617385798,0.0548803011381,0.0555838947424,0.0553024573007,0.0557949728237,0.0560764102654,0.0563578477072,0.0558653321841,0.0558653321841,0.0562874883467,0.0570614413115,0.0571318006719,0.0573428787532,0.0570614413115,0.0570614413115,0.0574835974741,0.0573428787532,0.0579057536367,0.0585389878806,0.0584686285202,0.0581871910784,0.0585389878806,0.0582575504389,0.058116831718,0.0577650349158,0.0581871910784,0.0579057536367,0.0581871910784,0.0578353942763,0.0581871910784,0.0582575504389,0.0583982691597,0.0583279097993,0.0583982691597,0.0582575504389,0.0580464723576,0.0584686285202,0.0581871910784,0.0579057536367,0.057624316195,0.0573428787532,0.0574835974741,0.0579761129971,0.0584686285202,0.058116831718,0.0575539568345,0.057624316195,0.0567800038698,0.0566392851489,0.0569207225906,0.0569207225906,0.0571318006719,0.0562874883467,0.0562874883467,0.0560764102654,0.0566392851489,0.0567800038698,0.0571318006719,0.0572021600324,0.0572725193928,0.0565689257885,0.0571318006719,0.0572021600324,0.0574132381137,0.0573428787532,0.0565689257885,0.0568503632302,0.0565689257885,0.0562171289863,0.0564282070676,0.0565689257885,0.0564282070676,0.0564282070676,0.0570614413115,0.0574132381137,0.0572725193928,0.0572021600324,0.0566392851489,0.0569910819511,0.0566392851489,0.0567096445093,0.0566392851489,0.0564282070676,0.0561467696259,0.0565689257885,0.0570614413115,0.0568503632302,0.0573428787532,0.0575539568345,0.057624316195,0.0579057536367,0.0574132381137,0.0567096445093,0.0560764102654,0.0569910819511,0.0579057536367,0.0581871910784,0.0584686285202,0.0583279097993,0.0581871910784,0.0583279097993,0.0588204253223,0.0591018627641,0.0592425814849,0.0588907846828,0.0583982691597,0.0580464723576,0.0581871910784,0.058609347241,0.0584686285202,0.0588907846828,0.058116831718,0.0580464723576,0.0582575504389,0.0586797066015,0.0591018627641,0.0589611440432,0.0598758157288,0.0601572531706,0.0606497686936,0.0604386906123,0.0598054563684,0.0599461750893,0.0594536595662,0.0595943782871,0.0600868938101,0.0599461750893,0.0605090499727,0.060720128054,0.0604386906123,0.0606497686936,0.0611422842166,0.0617051591001,0.0619162371814,0.0619865965418,0.0620569559023,0.0622680339836,0.0619162371814,0.0620569559023,0.0620569559023,0.0619865965418,0.0617755184605,0.0619162371814,0.0625494714253,0.061845877821,0.0615644403792,0.0610719248562,0.0613533622979,0.0613533622979,0.0610719248562,0.0612830029375,0.0613533622979,0.0612126435771,0.0614237216584,0.0610015654958,0.0614237216584,0.0612830029375,0.0615644403792,0.0612830029375,0.0612126435771,0.0609312061353,0.0614237216584,0.0619865965418,0.0619162371814,0.0617755184605,0.061845877821,0.0621273152627,0.0614237216584,0.061845877821,0.0615644403792,0.0615644403792,0.0619865965418,0.061845877821,0.0619865965418,0.0621273152627,0.0622680339836,0.0632530650296,0.0633937837505,0.0633234243901,0.0638862992735,0.0632530650296,0.0624791120649,0.0617755184605,0.0621273152627,0.0626901901462,0.0624791120649,0.062338393344,0.0622680339836,0.0620569559023,0.0621273152627,0.0621976746231,0.0624791120649,0.0629012682275,0.0637455805527,0.0643084554361,0.0637455805527,0.0642380960757,0.0655045645635,0.0657860020052,0.06655995497,0.0667006736909,0.0671228298535,0.0678967828182,0.0684596577017,0.0689521732247,0.069163251306,0.0697964855499,0.0690928919456,0.0699372042708,0.0708518759564,0.0710629540377,0.0718369070025,0.0716961882816,0.0726812193277,0.0730330161299,0.0742291252573,0.0748623595012,0.0750734375825,0.0754955937451,0.0754955937451,0.0769027809537,0.0773249371163,0.0776767339185,0.0786617649646,0.0785914056041,0.0779581713602,0.0781692494415,0.0777470932789,0.0777470932789,0.0783803275228,0.0790839211272,0.0807021864171,0.0815464987423,0.0816168581028,0.0814761393819,0.0818982955445,0.0830240453114,0.0838683576366,0.0848533886827,0.0852051854849,0.0854866229266,0.0858384197288,0.0868234507748,0.0858384197288,0.0860494978101,0.0868234507748,0.0866123726935,0.0858384197288,0.0857680603683,0.0865420133331,0.0867530914144,0.0873863256583,0.0874566850187,0.0875974037396,0.0876677631,0.087175247577,0.0878084818209,0.0888638722274,0.0886527941461,0.0885824347857,0.0894971064713,0.0897081845526,0.0902007000756,0.0894971064713,0.0900599813548,0.0892156690296,0.0889342315878,0.089778543913,0.0894971064713,0.0897081845526,0.0888638722274,0.0890045909483,0.0902007000756,0.0899896219943,0.0902007000756,0.0908339343195,0.0911857311217,0.0921004028073,0.0925929183304,0.0930854338534,0.0937186680973,0.0932261525743,0.0934372306556,0.094000105539,0.0947036991434,0.0949147772247,0.0942815429808,0.0941408242599,0.0938593868182,0.0941408242599,0.0946333397829,0.0952665740268,0.0948444178642,0.0950554959455,0.0954776521081,0.0953369333873,0.0954776521081,0.0958998082707,0.0966034018751,0.0959701676312,0.0959701676312,0.0960405269916,0.0962516050729,0.0959701676312,0.0970255580377,0.0976587922816,0.0976587922816,0.0979402297233,0.0983623858859,0.0982920265255,0.0989252607694,0.0991363388507,0.0991363388507,0.0999806511759,0.0999102918154,0.100543526059,0.101176760303,0.101458197745,0.102161791349,0.103076463035,0.10392077536,0.104554009604,0.10392077536,0.104131853441,0.104905806406,0.105257603208,0.105679759371,0.105820478092,0.105890837452,0.105327962569,0.105187243848,0.106031556173,0.105750118731,0.105961196813,0.105679759371,0.106735149777,0.107368384021,0.107649821463,0.107931258905,0.108353415067,0.108494133788,0.108423774428,0.10870521187,0.10884593059,0.109057008672,0.109830961637,0.110956711403,0.111589945647,0.111167789485,0.112574976693,0.112574976693,0.112434257973,0.113137851577,0.113208210937,0.113208210937,0.114052523263,0.114263601344,0.114404320065,0.11531899175,0.116022585355,0.115037554309,0.11524863239,0.114896835588,0.11531899175,0.115600429192,0.115881866634,0.116022585355,0.115670788553,0.11531899175,0.115952225994,0.116444741517,0.117640850645,0.118977678493,0.119470194016,0.119892350179,0.121229178027,0.120525584422,0.121229178027,0.12172169355,0.122284568433,0.122706724596,0.1234103182,0.123973193084,0.124536067967,0.125591458374,0.124887864769,0.125521099013,0.126506130059,0.127772598547,0.127631879826,0.12826511407,0.129250145116,0.130024098081,0.13157200401,0.132064519534,0.133471706742,0.13304955058,0.133330988021,0.135089972032,0.135089972032,0.135160331393,0.136004643718,0.13628608116,0.137341471566,0.138326502612,0.139522611739,0.140648361506,0.141000158309,0.140789080227,0.141000158309,0.141844470634,0.142336986157,0.143955251447,0.143884892086,0.144588485691,0.145081001214,0.145643876097,0.145854954178,0.146769625864,0.147262141387,0.146980703945,0.14606603226,0.146277110341,0.146980703945,0.147191782027,0.14606603226,0.14768429755,0.147965734991,0.148739687956,0.150076515804,0.150498671967,0.151413343653,