# R script for Peak Model
#  -- generated by MACS
p <- c(0.0374133018678,0.0392253421292,0.0405044293725,0.0415703354087,0.0424230602375,0.0437021474809,0.0443416911026,0.0453010065351,0.0463669125712,0.0481789528326,0.0489250870579,0.0504173555084,0.0516964427518,0.0525491675807,0.053828254824,0.0548941608601,0.055746885689,0.0569193823288,0.0581984695721,0.0593709662118,0.060436872248,0.0615027782841,0.062355503113,0.0641675433744,0.0654466306177,0.0655532212213,0.0659795836358,0.0659795836358,0.0656598118249,0.0659795836358,0.0656598118249,0.0657664024286,0.0653400400141,0.0650202682033,0.0647004963924,0.0655532212213,0.0651268588069,0.0645939057888,0.0651268588069,0.0648070869961,0.0658729930322,0.0656598118249,0.0653400400141,0.0652334494105,0.0655532212213,0.0655532212213,0.0647004963924,0.0644873151852,0.0636345903563,0.0625686843202,0.0625686843202,0.0620357313021,0.0624620937166,0.062888456131,0.0636345903563,0.0639543621672,0.0643807245816,0.0647004963924,0.0651268588069,0.0643807245816,0.0645939057888,0.0644873151852,0.0640609527708,0.0649136775997,0.0649136775997,0.0648070869961,0.0652334494105,0.0657664024286,0.0656598118249,0.066192764843,0.0658729930322,0.0664059460502,0.0670454896719,0.066192764843,0.0665125366538,0.0660861742394,0.0654466306177,0.0650202682033,0.0648070869961,0.0647004963924,0.0650202682033,0.0643807245816,0.0643807245816,0.0647004963924,0.0650202682033,0.0632082279419,0.0621423219058,0.0625686843202,0.0617159594913,0.0622489125094,0.060969825266,0.0613961876805,0.062355503113,0.0632082279419,0.0640609527708,0.0641675433744,0.0640609527708,0.064274133978,0.0648070869961,0.0652334494105,0.0659795836358,0.0654466306177,0.0650202682033,0.0648070869961,0.0644873151852,0.0641675433744,0.0635279997527,0.0635279997527,0.062888456131,0.0633148185455,0.0639543621672,0.0635279997527,0.0640609527708,0.0638477715635,0.0638477715635,0.0638477715635,0.0635279997527,0.0632082279419,0.0635279997527,0.0633148185455,0.0638477715635,0.0629950467347,0.062355503113,0.0626752749238,0.062355503113,0.0621423219058,0.062355503113,0.0625686843202,0.062888456131,0.0622489125094,0.0621423219058,0.0629950467347,0.0624620937166,0.0619291406985,0.0621423219058,0.0624620937166,0.0631016373383,0.0626752749238,0.0627818655274,0.0625686843202,0.0629950467347,0.0627818655274,0.0618225500949,0.0611830064732,0.0608632346624,0.0610764158696,0.0610764158696,0.0605434628516,0.0602236910407,0.0600105098335,0.0599039192299,0.0607566440588,0.0607566440588,0.0608632346624,0.0603302816444,0.0597973286263,0.0605434628516,0.060436872248,0.0610764158696,0.0607566440588,0.0607566440588,0.0603302816444,0.0603302816444,0.0601171004371,0.0606500534552,0.0601171004371,0.060436872248,0.060436872248,0.060436872248,0.0603302816444,0.060969825266,0.0611830064732,0.0616093688877,0.0607566440588,0.0612895970769,0.0621423219058,0.0617159594913,0.0619291406985,0.0611830064732,0.0613961876805,0.0613961876805,0.060969825266,0.0613961876805,0.0618225500949,0.0607566440588,0.0610764158696,0.0613961876805,0.0610764158696,0.0606500534552,0.0610764158696,0.0605434628516,0.060436872248,0.0605434628516,0.0605434628516,0.0597973286263,0.0593709662118,0.0592643756082,0.0593709662118,0.0592643756082,0.0595841474191,0.0588380131938,0.0580918789685,0.0580918789685,0.0578786977613,0.0579852883649,0.0586248319866,0.0587314225902,0.0585182413829,0.0580918789685,0.0579852883649,0.0577721071577,0.0581984695721,0.0580918789685,0.0587314225902,0.0580918789685,0.0591577850046,0.059051194401,0.0586248319866,0.0583050601757,0.0579852883649,0.0576655165541,0.0578786977613,0.0586248319866,0.0599039192299,0.0593709662118,0.0597973286263,0.0600105098335,0.060436872248,0.0611830064732,0.0606500534552,0.0605434628516,0.0602236910407,0.0603302816444,0.0605434628516,0.0617159594913,0.0620357313021,0.0618225500949,0.0626752749238,0.0632082279419,0.062888456131,0.0635279997527,0.0636345903563,0.0634214091491,0.0634214091491,0.0638477715635,0.0640609527708,0.0641675433744,0.0651268588069,0.0651268588069,0.0652334494105,0.0664059460502,0.0670454896719,0.0668323084647,0.0665125366538,0.0672586708791,0.0676850332936,0.06757844269,0.0682179863116,0.0689641205369,0.0697102547622,0.0696036641586,0.0703497983839,0.0703497983839,0.0697102547622,0.070030026573,0.0702432077803,0.0706695701947,0.0728013822669,0.0729079728706,0.0730145634742,0.0731211540778,0.0734409258886,0.0728013822669,0.0730145634742,0.0729079728706,0.0734409258886,0.0744002413211,0.0736541070958,0.0734409258886,0.0736541070958,0.0736541070958,0.0741870601139,0.0744002413211,0.0750397849428,0.0749331943392,0.0749331943392,0.0759991003753,0.0755727379609,0.0762122815825,0.0764254627898,0.0765320533934,0.076638643997,0.077171597015,0.077171597015,0.0772781876186,0.0770650064114,0.0786638654656,0.0789836372764,0.0800495433126,0.0801561339162,0.0799429527089,0.0800495433126,0.0812220399523,0.0821813553848,0.0829274896101,0.0835670332318,0.0846329392679,0.0851658922859,0.0838868050426,0.0834604426281,0.0846329392679,0.0845263486643,0.0851658922859,0.0860186171148,0.0866581607365,0.0877240667726,0.0872977043582,0.0849527110787,0.0846329392679,0.0851658922859,0.0853790734932,0.0853790734932,0.0862317983221,0.0860186171148,0.0867647513401,0.0866581607365,0.0865515701329,0.0871911137546,0.0878306573762,0.0882570197907,0.0887899728087,0.0894295164304,0.0898558788449,0.0902822412593,0.0896426976376,0.0899624694485,0.0901756506557,0.0907086036738,0.0916679191063,0.0918811003135,0.0927338251424,0.0927338251424,0.0929470063496,0.0936931405749,0.0939063217821,0.0940129123857,0.0931601875568,0.0935865499713,0.0941195029893,0.094759046611,0.094759046611,0.0952919996291,0.0953985902327,0.0962513150616,0.0960381338543,0.0952919996291,0.0950788184218,0.0953985902327,0.0959315432507,0.0960381338543,0.0955051808363,0.0952919996291,0.0959315432507,0.0962513150616,0.0960381338543,0.0943326841966,0.0956117714399,0.0977435835121,0.0992358519627,0.0991292613591,0.0995556237735,0.099981986188,0.0994490331699,0.100301757999,0.101154482828,0.100301757999,0.101687435846,0.102966523089,0.103179704296,0.1032862949,0.103925838522,0.104032429125,0.104565382143,0.104139019729,0.105204925765,0.105631288179,0.104885153954,0.106270831801,0.106270831801,0.106697194216,0.106057650594,0.10712355663,0.10829605327,0.108189462666,0.10829605327,0.109681731117,0.109255368702,0.108615825081,0.108935596891,0.108935596891,0.10978832172,0.109894912324,0.10978832172,0.109255368702,0.110001502928,0.111280590171,0.111387180774,0.111173999567,0.112026724396,0.112666268018,0.112453086811,0.113732174054,0.113945355261,0.114478308279,0.114158536468,0.11597057673,0.115437623712,0.114904670694,0.114478308279,0.114584898883,0.114051945865,0.115117851901,0.115331033108,0.11479808009,0.115117851901,0.11479808009,0.113518992847,0.112666268018,0.112026724396,0.112772858621,0.112239905603,0.112239905603,0.112133315,0.112986039829,0.113412402243,0.113305811639,0.112879449225,0.112453086811,0.111813543189,0.112133315,0.113199221036,0.112559677414,0.111813543189,0.112453086811,0.112986039829,0.112666268018,0.113732174054,0.114478308279,0.114158536468,0.115117851901,0.114371717676,0.113945355261,0.114691489486,0.115011261297,0.114371717676,0.113732174054,0.114371717676,0.115650804919,0.117036482766,0.117782616991,0.118955113631,0.119274885442,0.118955113631,0.118528751216,0.120234200874,0.119488066649,0.121086925703,0.122046241136,0.122579194154,0.123538509586,0.125776912262,0.125670321658,0.125883502866,0.125990093469,0.125883502866,0.127802133731,0.129400992785,0.130253717614,0.13131962365,0.130999851839,0.132172348479,0.133451435722,0.133238254515,0.133451435722,0.134197569947,0.135796429002,0.137501878659,0.13782165047,0.139527100128,0.140060053146,0.140806187371,0.142724818236,0.144643449101,0.145602764534,0.146775261174,0.14784116721,0.149226845057,0.150932294714,0.152104791354,0.151891610147,0.153916831616,0.15551569067,0.15551569067,0.156368415499,0.157860683949,0.159992496022,0.159459543003,0.16084522085,