# R script for Peak Model
#  -- generated by MACS
p <- c(0.0358499002398,0.0376285950335,0.0390086168563,0.0401126343145,0.041431321834,0.0425046721405,0.0437620253568,0.0449887114215,0.0460927288797,0.0472580806411,0.0486381024639,0.0497727870737,0.0509381388351,0.0520421562933,0.0530541722966,0.0544955284226,0.0557222144873,0.0569182334003,0.0582982552231,0.0596782770458,0.0608436288073,0.0620396477203,0.063419669543,0.064462352698,0.0656890387627,0.0654743687014,0.065106362882,0.0648303585174,0.0646770227593,0.0650450285787,0.0649530271239,0.0647690242142,0.064861025669,0.065106362882,0.0646463556077,0.0644930198496,0.064462352698,0.0639410111205,0.0638183425141,0.0633890023914,0.0634503366947,0.0636036724527,0.0633583352398,0.0631436651785,0.0628369936623,0.0624996549945,0.0620703148719,0.0617023090525,0.0618863119622,0.0617329762041,0.061579640446,0.0609969645653,0.060782294504,0.0611503003234,0.0609356302621,0.0611196331718,0.0609662974137,0.0607516273524,0.0609662974137,0.0612729689299,0.0612116346266,0.0610276317169,0.0608436288073,0.0612729689299,0.0616103075977,0.0615183061428,0.0616103075977,0.0615489732944,0.0613956375363,0.0612116346266,0.0613649703847,0.0614876389912,0.0613036360815,0.061824977659,0.0624076535397,0.0624996549945,0.0623769863881,0.0624076535397,0.0623463192365,0.0625916564494,0.0627756593591,0.0625916564494,0.0626836579042,0.0628063265107,0.0628063265107,0.0626529907526,0.0621009820235,0.0623156520848,0.0621929834784,0.0627756593591,0.0624383206913,0.06222365063,0.0622849849332,0.0621316491751,0.0619169791138,0.0620703148719,0.0624076535397,0.0629903294204,0.0630516637236,0.0630823308753,0.063419669543,0.0635423381495,0.0636036724527,0.0635423381495,0.0635423381495,0.0635116709979,0.0636343396044,0.0635730053011,0.0636956739076,0.0635116709979,0.0637876753624,0.064063679727,0.0641863483335,0.0640330125754,0.064063679727,0.0639103439689,0.0640943468786,0.0642783497883,0.0642476826367,0.0644930198496,0.0647690242142,0.0649530271239,0.0648916928206,0.0643090169399,0.0638796768173,0.0638183425141,0.0641250140302,0.0642783497883,0.0645236870012,0.0641863483335,0.0645850213045,0.0644930198496,0.0647076899109,0.0650450285787,0.0654130343981,0.0660263774304,0.0663330489466,0.0666397204628,0.0668543905241,0.0663943832498,0.0665477190079,0.0664250504015,0.0664250504015,0.0668543905241,0.0672530634951,0.0669157248273,0.0672837306467,0.06734506495,0.0675597350113,0.0679277408307,0.0679584079823,0.0680197422855,0.068142410892,0.0679277408307,0.0683570809533,0.0688170882276,0.0690010911373,0.0695530998664,0.0695530998664,0.0697984370793,0.0693077626534,0.0693690969567,0.0696144341696,0.0698597713825,0.0698291042309,0.069982439989,0.0698597713825,0.0697064356244,0.0696451013212,0.069982439989,0.0698597713825,0.0698597713825,0.0702891115051,0.0707491187794,0.0709944559923,0.0709331216891,0.071178458902,0.0709024545375,0.0710557902956,0.0718531362376,0.0714851304182,0.0714544632666,0.0712091260536,0.0707184516278,0.0709944559923,0.0706264501729,0.0707184516278,0.0706571173245,0.0707491187794,0.0713624618117,0.0716691333279,0.0721904749054,0.0720371391473,0.071822469086,0.0715464647214,0.0719758048441,0.0716998004795,0.0714851304182,0.071423796115,0.0709024545375,0.070779785931,0.0706264501729,0.0708717873859,0.0710864574472,0.0712397932053,0.0708411202342,0.0706571173245,0.0706264501729,0.0709024545375,0.0709944559923,0.0710251231439,0.0708411202342,0.0708411202342,0.0704731144148,0.0705344487181,0.0706877844762,0.0705651158697,0.0705957830213,0.0704117801116,0.069982439989,0.0696144341696,0.0695530998664,0.0690624254405,0.0688170882276,0.0686944196211,0.0688784225308,0.0686024181662,0.0687250867727,0.0687250867727,0.0678050722242,0.0677130707694,0.0676517364661,0.0673143977983,0.0674677335564,0.0671917291919,0.0668850576757,0.0668850576757,0.0666703876144,0.0667317219176,0.0667317219176,0.0661183788853,0.0660570445821,0.0662717146434,0.0664557175531,0.0667317219176,0.0666090533112,0.066302381795,0.0660263774304,0.0655663701562,0.0658117073691,0.0655663701562,0.0657810402175,0.0657810402175,0.0657197059143,0.0652903657917,0.0655663701562,0.0656277044594,0.0657810402175,0.0658423745207,0.0657503730659,0.0657503730659,0.0661183788853,0.0662717146434,0.066701054766,0.0666703876144,0.0663943832498,0.0667317219176,0.0668850576757,0.0672223963435,0.0673143977983,0.0679584079823,0.0678970736791,0.0683570809533,0.0687250867727,0.0688477553792,0.0689704239856,0.0693997641083,0.0695530998664,0.0696144341696,0.0695530998664,0.0700744414438,0.0709024545375,0.0714544632666,0.0716998004795,0.0717918019344,0.072221142057,0.0727118164829,0.0729264865442,0.0732024909087,0.0731718237571,0.0738158339411,0.0739691696991,0.0743065083669,0.0751958557638,0.0756865301897,0.0762385389188,0.0769132162543,0.0776798950447,0.0786305767449,0.0792745869288,0.079979931416,0.0801332671741,0.0801332671741,0.0808079445096,0.0813292860871,0.0818812948162,0.0821572991808,0.0821879663324,0.0819732962711,0.0820039634227,0.0829546451228,0.0832919837906,0.0835679881551,0.0839359939745,0.0843653340971,0.0849480099779,0.0854080172521,0.0861440288909,0.0865427018619,0.0868800405297,0.0868800405297,0.0874627164104,0.0873093806523,0.0878307222298,0.0880453922911,0.0880760594428,0.0879840579879,0.088137393746,0.0884133981105,0.0891800769009,0.0890267411429,0.0885974010202,0.0886894024751,0.0887814039299,0.0890880754461,0.089578749872,0.0899467556914,0.0902227600559,0.0901614257527,0.0904987644205,0.0906521001785,0.0909894388463,0.0915414475754,0.0910814403012,0.0906827673302,0.0907441016334,0.0906827673302,0.0904987644205,0.0907134344818,0.0904987644205,0.0912654432109,0.091418778969,0.0913267775141,0.0910814403012,0.0912041089076,0.0909894388463,0.0917867847884,0.0923387935175,0.0927681336401,0.0933814766724,0.0928294679433,0.0924001278207,0.0925227964272,0.0921854577594,0.0925534635788,0.0924614621239,0.0926761321852,0.0923694606691,0.0925841307304,0.0921241234561,0.0923694606691,0.092614797882,0.0930748051563,0.0928294679433,0.0931361394595,0.0935348124305,0.0943014912209,0.0950988371629,0.0954361758307,0.0957428473469,0.0964175246825,0.0969388662599,0.0976748778987,0.0982882209311,0.0981042180214,0.0982575537795,0.0982268866278,0.0983802223859,0.0990855668731,0.0990548997215,0.0997602442087,0.0997602442087,0.0996682427538,0.100342920089,0.101017597425,0.101201600335,0.10187627767,0.102397619248,0.102949627977,0.103409635251,0.102949627977,0.103685639616,0.104452318406,0.105157662893,0.10586300738,0.106660353322,0.106660353322,0.106568351868,0.107212362051,0.107396364961,0.108224378055,0.109389729816,0.110156408607,0.110831085942,0.111260426065,0.111873769097,0.112057772007,0.112671115039,0.113345792375,0.114572478439,0.115093820017,0.115461825836,0.116044501717,0.116841847659,0.117025850569,0.117761862208,0.117853863662,0.118252536633,0.118743211059,0.11932588694,0.119785894214,0.120828577369,0.120828577369,0.120981913127,0.121472587553,0.122055263434,0.122024596282,0.122637939315,0.122791275073,0.12349661956,0.123557953863,0.124508635563,0.12463130417,0.12444730126,0.124784639928,0.125367315808,0.125919324538,0.125980658841,0.12576598878,0.126409998963,0.126747337631,0.127023341996,0.127636685028,0.128311362364,0.12880203679,0.128863371093,0.129691384186,0.130304727219,0.13033539437,0.130918070251,0.131531413283,0.132175423467,0.132328759225,0.132942102258,0.133279440926,0.133647446745,0.134138121171,0.134996801416,0.135303472932,0.136039484571,0.136254154632,0.136836830513,0.137511507849,0.137940847971,0.138431522397,0.13867685961,0.139412871249,0.139535539855,0.140394220101,0.141314234649,0.142295583501,0.142970260836,0.143460935262,0.144319615508,0.145546301572,0.145975641695,0.146803654788,0.147877005095,0.148766352492,0.149318361221,0.14987036995,0.150667715892,0.151618397592,0.15195573626,0.152569079292,0.15272241505,0.15272241505,0.153673096751,0.154378441238,0.154746447057,0.155574460151,0.156065134577,0.156402473244,0.15594246597,0.156095801728,0.157046483428,