# R script for Peak Model
#  -- generated by MACS
p <- c(0.0393349695962,0.0408616693294,0.0424332719959,0.0439599717291,0.045441768529,0.0467439535955,0.0482706533287,0.0496177413286,0.0510546351951,0.052132305595,0.0540182287948,0.055679637328,0.0572512399945,0.059092260261,0.0607536687942,0.062370174394,0.0639866799939,0.0656929914604,0.0673094970602,0.0687463909267,0.0703179935932,0.0721141109264,0.073012169593,0.0749878986595,0.076155374926,0.0766493071926,0.076828918926,0.0769636277259,0.0767391130593,0.076828918926,0.0765145983927,0.076290083726,0.0761104719927,0.0756614426594,0.075885957326,0.076155374926,0.0760655690594,0.0758410543927,0.0757063455927,0.0755267338594,0.0757512485261,0.0754818309261,0.0753920250594,0.0753920250594,0.0756614426594,0.0753920250594,0.0754369279928,0.0753471221261,0.0753022191928,0.0748531898595,0.0747633839928,0.0746286751928,0.0747184810595,0.0748082869262,0.0746735781262,0.0749878986595,0.0750328015928,0.0751675103928,0.0749429957261,0.0753471221261,0.0748082869262,0.0749878986595,0.0748082869262,0.0741347429262,0.0739102282596,0.0744041605262,0.0746735781262,0.0750328015928,0.0748980927928,0.0748082869262,0.0747633839928,0.0748531898595,0.0753920250594,0.0750777045261,0.0756614426594,0.0748082869262,0.0747184810595,0.0742245487929,0.0741796458595,0.0739102282596,0.0738204223929,0.0736857135929,0.0740000341262,0.0740449370596,0.0739102282596,0.0733713930596,0.0733264901263,0.0731019754596,0.073416295993,0.0733713930596,0.0738204223929,0.0734611989263,0.0739102282596,0.0737306165263,0.0732366842596,0.0735510047929,0.0738204223929,0.0737755194596,0.0738653253262,0.0731917813263,0.0730570725263,0.0727876549263,0.072877460793,0.0723386255931,0.072473334393,0.0720692079931,0.0720692079931,0.0713956639931,0.0718446933264,0.0716650815931,0.0718895962598,0.0716201786598,0.0716650815931,0.0717997903931,0.0723386255931,0.0714854698598,0.0706772170599,0.06986896426,0.0695097407933,0.0694199349267,0.0694199349267,0.0693750319933,0.0692852261267,0.0690158085267,0.0687912938601,0.0689709055934,0.06906071146,0.0698240613266,0.0702281877266,0.0705425082599,0.0703628965266,0.0704527023932,0.0699138671933,0.0698240613266,0.0698240613266,0.0703179935932,0.0706323141266,0.0704077994599,0.06959954666,0.06986896426,0.06933012906,0.0699138671933,0.0693750319933,0.06919542026,0.0691056143934,0.0691056143934,0.0695546437267,0.06973425546,0.0695546437267,0.0699138671933,0.0698240613266,0.0700036730599,0.06946483786,0.0696893525266,0.0695546437267,0.0700036730599,0.0699587701266,0.0701383818599,0.0696444495933,0.06959954666,0.0690158085267,0.0687463909267,0.0686116821267,0.0688810997267,0.0681177498601,0.0682075557268,0.0681626527935,0.0680279439935,0.0684769733268,0.0683871674601,0.0679830410601,0.0673993029269,0.0673993029269,0.0674442058602,0.0672196911935,0.0668155647936,0.0667706618603,0.066186923727,0.0659624090603,0.0656031855937,0.0659624090603,0.066186923727,0.066321632527,0.066456341327,0.0666808559936,0.0666808559936,0.0665012442603,0.0668155647936,0.0670400794602,0.0668604677269,0.0669053706602,0.0663665354603,0.0665910501269,0.0669951765269,0.0670400794602,0.0665461471936,0.066456341327,0.066186923727,0.0662767295936,0.066321632527,0.065917506127,0.0662318266603,0.0666359530603,0.0668604677269,0.0668155647936,0.0663665354603,0.0660971178603,0.066456341327,0.066321632527,0.0662767295936,0.0669053706602,0.0672645941269,0.0672196911935,0.0670400794602,0.0670400794602,0.0673543999935,0.0677585263935,0.0678034293268,0.0678932351935,0.0679830410601,0.0681626527935,0.0679830410601,0.0682524586601,0.0686116821267,0.06892600266,0.0692403231934,0.0691505173267,0.0691056143934,0.0692852261267,0.0695097407933,0.0690158085267,0.0687014879934,0.0686565850601,0.0688810997267,0.0693750319933,0.06959954666,0.0697791583933,0.0696444495933,0.0698240613266,0.0696444495933,0.0697791583933,0.0702730906599,0.0700485759933,0.06973425546,0.06973425546,0.0699587701266,0.06973425546,0.0696893525266,0.0700485759933,0.0703179935932,0.0706323141266,0.0701383818599,0.0700934789266,0.0700485759933,0.0705425082599,0.0707221199932,0.0703628965266,0.0701832847933,0.0708119258599,0.0709466346599,0.0709017317265,0.0708119258599,0.0709466346599,0.0713058581265,0.0715752757265,0.0717099845264,0.0717997903931,0.0722937226597,0.0720692079931,0.0725631402597,0.0721590138597,0.0726529461264,0.072473334393,0.0722937226597,0.0721590138597,0.0722937226597,0.072742751993,0.0737306165263,0.0738204223929,0.0742694517262,0.0747633839928,0.0749878986595,0.0752124133261,0.0749429957261,0.0745837722595,0.0751675103928,0.0753471221261,0.0763798895927,0.076559501326,0.0773677541259,0.0772330453259,0.0771432394593,0.0774126570592,0.0777718805259,0.0788495509258,0.0793883861257,0.079837415459,0.0809150858589,0.0810048917256,0.0814090181255,0.0821274650588,0.0828010090587,0.0832051354587,0.0836092618586,0.0841480970586,0.0845522234585,0.0855400879918,0.086393243725,0.0865728554584,0.0865728554584,0.0868871759917,0.086932078925,0.0874709141249,0.0874260111916,0.0876056229249,0.0880097493249,0.0882791669249,0.0883240698582,0.0883689727915,0.0887730991915,0.0893568373248,0.0898956725247,0.0906590223913,0.090479410658,0.0911529546579,0.0914672751912,0.0916019839912,0.0911978575912,0.0916468869245,0.0918714015912,0.0916019839912,0.0921408191912,0.0922306250578,0.0928592661244,0.0930388778577,0.0925449455911,0.0923653338578,0.0916468869245,0.0916917898579,0.0915570810579,0.0921408191912,0.0924551397245,0.0927694602578,0.0927694602578,0.0921857221245,0.0923204309245,0.0918714015912,0.0919163045245,0.0922755279911,0.0920061103912,0.0919612074578,0.0922306250578,0.0920510133245,0.0919612074578,0.0914223722579,0.0916917898579,0.0920959162578,0.0924102367911,0.0924102367911,0.0929490719911,0.0925449455911,0.0927245573244,0.0927694602578,0.0925898485244,0.0929490719911,0.0925000426578,0.0925898485244,0.0925000426578,0.0924551397245,0.0920959162578,0.0920959162578,0.0921408191912,0.0920061103912,0.0925000426578,0.0922755279911,0.0928143631911,0.0929041690577,0.0931286837244,0.093353198391,0.0929939749244,0.094026742391,0.0935777130577,0.0939818394576,0.0935328101244,0.0938022277243,0.0939369365243,0.0944308687909,0.0955534421242,0.0954636362575,0.0963167919908,0.0963616949241,0.0960473743908,0.0964964037241,0.0971250447907,0.096900530124,0.097035238924,0.097574074124,0.097304656524,0.0976189770573,0.0976638799906,0.0970801418573,0.0968556271907,0.0968556271907,0.097304656524,0.0978434917239,0.0982027151906,0.097574074124,0.096900530124,0.0971250447907,0.0971250447907,0.0976638799906,0.0978434917239,0.0977985887906,0.0983374239906,0.0984721327905,0.0991007738572,0.0992803855905,0.0994599973238,0.10008863839,0.100178444257,0.100537667724,0.10035805599,0.0998641237237,0.10022334719,0.100268250124,0.10022334719,0.100402958924,0.10076218239,0.100672376524,0.10183985279,0.101211211724,0.101750046924,0.102064367457,0.10332164959,0.10359106719,0.103815581857,0.10386048479,0.103501261323,0.10386048479,0.103770678923,0.103905387723,0.104578931723,0.104713640523,0.104623834657,0.105387184523,0.10574640799,0.105926019723,0.106105631456,0.106105631456,0.10655466079,0.107452719456,0.107811942923,0.108754904523,0.10857529279,0.109159030923,0.109024322123,0.109608060256,0.110057089589,0.110236701323,0.111314371723,0.111493983456,0.111628692256,0.111987915723,0.112167527456,0.112706362656,0.112751265589,0.113694227189,0.114367771189,0.115265829856,0.116388403189,0.117735491189,0.118139617589,0.119666317322,0.119980637855,0.120654181855,0.121148114122,0.121956366922,0.123303454921,0.124066804788,0.123976998921,0.124695445855,0.125234281055,0.125818019188,0.125907825055,0.126446660255,0.127569233588,0.128557098121,0.129140836254,0.129859283188,0.129949089054,0.131116565321,0.132014623987,0.133182100254,0.133541323721,0.133900547187,0.134169964787,0.13542724692,0.135876276254,0.136460014387,0.13717846132,0.138570452253,0.13933380212,0.139693025587,0.140725793053,0.141040113586,0.141399337053,0.141938172253,