# R script for Peak Model
#  -- generated by MACS
p <- c(0.0357037110084,0.037030242157,0.0381815710784,0.039445530003,0.0408596622652,0.0422863089721,0.0437504990135,0.0451396023861,0.046441104645,0.0478176935728,0.0494570858413,0.0509588192171,0.0521852348073,0.0535493092902,0.0546380659877,0.0560897415842,0.0572911282848,0.0585050294302,0.0597689883548,0.0611455772826,0.0625471950999,0.0637360673557,0.0651126562835,0.0664517018769,0.0678157763599,0.0678408052495,0.0676030307983,0.0674278285711,0.0674528574607,0.0672901696784,0.067127481896,0.067064909672,0.0672651407888,0.0672901696784,0.0673277130127,0.0673026841231,0.0674778863503,0.0673652563471,0.0671775396752,0.0669647941136,0.0668521641104,0.0669147363344,0.0670148518928,0.0674027996815,0.0675404585743,0.06719005412,0.0674653719055,0.0672776552336,0.0675529730191,0.0674528574607,0.0675279441295,0.0675279441295,0.0678908630287,0.0681912097038,0.0680034930318,0.0676906319119,0.0674778863503,0.0673652563471,0.0676155452431,0.0675905163535,0.0675780019087,0.0674153141263,0.0675905163535,0.0676781174671,0.0679534352526,0.067928406363,0.0682537819278,0.0684665274894,0.0685165852685,0.0686667586061,0.0685541286029,0.0688169319437,0.0688669897229,0.0690547063949,0.0691923652876,0.0692424230668,0.0694676830732,0.0698180875275,0.0699682608651,0.0701434630923,0.0703186653194,0.0703562086538,0.0702811219851,0.0701559775371,0.0701559775371,0.0705063819914,0.0705439253258,0.0704563242122,0.0705814686602,0.0707316419978,0.0709318731145,0.070656555329,0.0707066131082,0.0704813531018,0.070593983105,0.0707942142218,0.0706064975498,0.0706815842186,0.0705063819914,0.070468838657,0.0704813531018,0.070656555329,0.0704563242122,0.0701309486475,0.0702435786507,0.070343694209,0.070406266433,0.0705439253258,0.0703562086538,0.0703937519882,0.0701184342027,0.0700934053131,0.0699807753099,0.0698931741963,0.0700308330891,0.0700308330891,0.0698931741963,0.0698055730827,0.0698556308619,0.0697179719691,0.0697430008587,0.0695677986316,0.0698431164171,0.0697179719691,0.0697179719691,0.0695928275212,0.0696553997452,0.0695677986316,0.0695803130764,0.0695052264076,0.0693049952908,0.0693300241804,0.0694676830732,0.0697805441931,0.0699682608651,0.0697430008587,0.0696804286348,0.0698931741963,0.0699557464203,0.0701184342027,0.0700433475339,0.0703061508746,0.0702811219851,0.0705814686602,0.0705564397706,0.0708192431114,0.0707691853322,0.0707441564426,0.0708693008906,0.0710945608969,0.0710319886729,0.0709819308937,0.0711696475657,0.0714324509065,0.0715450809096,0.0716827398024,0.0717453120264,0.071958057588,0.0718454275848,0.0717953698056,0.0717953698056,0.071895485364,0.0720832020359,0.0722208609287,0.0722208609287,0.0722709187079,0.0721207453703,0.0724711498247,0.0725837798279,0.0726588664967,0.0727714964998,0.0728465831686,0.0727840109446,0.0729216698374,0.0730217853958,0.073196987623,0.0732845887365,0.0735348776325,0.0735098487429,0.0735849354117,0.0736850509701,0.0738852820868,0.0740729987588,0.0737726520837,0.0738352243077,0.0737225943045,0.0737601376389,0.0738101954181,0.0738352243077,0.0736975654149,0.0736600220805,0.0736224787461,0.0738477387525,0.0737100798597,0.0735473920773,0.0734472765189,0.0735724209669,0.0736475076357,0.0736349931909,0.073935339866,0.07399791209,0.0742231720964,0.0743232876548,0.0742607154308,0.0742857443204,0.0744108887684,0.0746486632195,0.0745610621059,0.0746236343299,0.0748989521155,0.0749364954499,0.0750616398979,0.0752118132354,0.0750240965635,0.0748113510019,0.0747362643331,0.0750491254531,0.0749364954499,0.0749990676739,0.0749364954499,0.0750366110083,0.0751867843458,0.0751492410114,0.0750240965635,0.0749865532291,0.0751492410114,0.0753995299074,0.0751992987906,0.0752618710146,0.0753995299074,0.0754120443522,0.0751492410114,0.0751242121218,0.075361986573,0.075299414349,0.075487131021,0.0755997610242,0.0756373043586,0.0758625643649,0.0760753099265,0.0758750788097,0.0761879399297,0.0762129688193,0.0764257143808,0.0765884021632,0.0765133154944,0.0767761188352,0.0767385755008,0.0768136621696,0.0766509743872,0.076663488832,0.0765258299392,0.076538344384,0.0768762343935,0.0770639510655,0.0769763499519,0.0770013788415,0.0770264077311,0.0773142399615,0.0773142399615,0.0777647599742,0.0777272166398,0.0776145866366,0.078027563315,0.0783779677693,0.0783153955453,0.0782277944317,0.0781652222077,0.0785031122173,0.0785656844413,0.0786282566653,0.0786282566653,0.0784655688829,0.0788535166716,0.079016204454,0.0790036900092,0.0788535166716,0.0788660311164,0.079016204454,0.079203921126,0.0794542100219,0.0797170133627,0.0799798167034,0.0803051922682,0.080380278937,0.0804303367162,0.0806430822777,0.0808933711737,0.0810310300665,0.0811686889592,0.0817068100855,0.0818820123127,0.0818945267575,0.0821197867639,0.0824076189942,0.0827079656694,0.0828581390069,0.0832085434613,0.0837091212532,0.083846780146,0.0843723868275,0.0847227912818,0.0849355368434,0.0851232535154,0.0852483979633,0.0856488601969,0.085949206872,0.0862870968816,0.0865999580015,0.0868877902319,0.0868752757871,0.0873007669102,0.087563570251,0.0876511713645,0.0876511713645,0.0883519802732,0.0888775869547,0.0892780491883,0.0894157080811,0.089791141425,0.0899913725418,0.0903793203305,0.0908548692328,0.0908298403432,0.0912303025767,0.0914305336935,0.0915056203623,0.0918810537062,0.0921814003814,0.092206429271,0.0925318048357,0.0927570648421,0.0926694637285,0.0926068915045,0.0927946081765,0.0929823248485,0.0930448970724,0.0929197526245,0.0929447815141,0.0931450126308,0.0933953015268,0.0934328448612,0.093445359306,0.093257642634,0.0933077004132,0.0935329604196,0.0938583359843,0.0940585671011,0.0940835959907,0.094246283773,0.0943964571106,0.0945716593378,0.0944840582242,0.0944840582242,0.094621717117,0.0947093182306,0.0946467460066,0.0946342315618,0.0945841737826,0.0945966882274,0.0948344626785,0.0947969193442,0.0950346937953,0.0950722371297,0.0953100115809,0.0952224104673,0.0952098960225,0.0952849826913,0.0953350404705,0.0953350404705,0.0953225260257,0.0953350404705,0.0952474393569,0.0953100115809,0.0949846360161,0.0951848671329,0.0954726993632,0.0955352715872,0.0952849826913,0.0954351560288,0.0955227571424,0.0954476704736,0.0957730460384,0.0959983060448,0.0961484793823,0.0964613405023,0.0966115138398,0.0969869471838,0.0971120916318,0.0971996927454,0.0970244905182,0.097037004963,0.0972497505245,0.0976126694237,0.0977878716509,0.0978629583196,0.0975626116445,0.0975125538653,0.0973999238621,0.0972122071901,0.096974432739,0.096974432739,0.0975125538653,0.0975626116445,0.0977252994269,0.0979130160988,0.0981633049948,0.0981758194396,0.0986388538971,0.0990393161306,0.0993146339162,0.0995398939226,0.0996900672601,0.100040471714,0.100278246166,0.100703737289,0.10065367951,0.100703737289,0.100553563951,0.101029112854,0.101279401749,0.101429575087,0.101604777314,0.101955181769,0.102681019567,0.102555875119,0.102580904008,0.102718562901,0.103068967356,0.103494458479,0.103957492936,0.104370469615,0.104520642952,0.104820989627,0.10524648075,0.105634428539,0.106022376328,0.105997347438,0.106210093,0.10649792523,0.106923416353,0.106998503022,0.107161190804,0.107361421921,0.107511595259,0.107799427489,0.10837509195,0.108763039739,0.109476363092,0.110064541998,0.1105400909,0.110677749793,0.110727807572,0.111053183137,0.111178327585,0.111566275373,0.111891650938,0.112267084282,0.112467315399,0.112329656506,0.112805205408,0.112980407636,0.113130580973,0.113468470983,0.114056649888,0.113906476551,0.114356996563,0.114807516576,0.115383181037,0.115508325485,0.116184105504,0.116834856633,0.117748411104,0.118023728889,0.118086301113,0.118511792236,0.119099971142,0.119475404486,0.119863352274,0.119950953388,0.120101126726,0.120564161183,0.121264970092,0.121202397868,0.121540287877,0.12136508565,0.121765547884,0.122353726789,0.122666587909,0.122979449029,0.123254766815,0.123980604613,0.124931702418,0.125369707985,0.125707597995,0.126258233566,0.126308291345,0.126721268024,0.126796354692,0.127296932484,0.127835053611,0.128423232516,0.128873752529,0.129374330321,0.130150225898,