# R script for Peak Model
#  -- generated by MACS
p <- c(0.0354879773442,0.036617942792,0.0379597767612,0.039089742209,0.0403256419175,0.0415262302057,0.0430093098559,0.0442452095645,0.0453045521717,0.0470701231839,0.0486591370948,0.0501069053248,0.0516959192357,0.0531436874657,0.0544855214349,0.0560745353458,0.0574516807353,0.0589700718058,0.060170660094,0.0618302968455,0.0628896394527,0.064231473422,0.0657498644924,0.0672682555629,0.0685747781119,0.0685394666916,0.0689632037345,0.0689632037345,0.0686807123726,0.0692103836762,0.069175072256,0.0696694321394,0.0699872349216,0.0699872349216,0.0700225463418,0.0696341207192,0.0693869407775,0.0692103836762,0.0687866466333,0.0688219580536,0.0688572694738,0.0681510410689,0.0683275981702,0.0687866466333,0.0684688438511,0.0683275981702,0.0685041552714,0.0683982210106,0.0685747781119,0.0683629095904,0.0687866466333,0.0687160237928,0.0688572694738,0.068892580894,0.0689985151548,0.0689632037345,0.068892580894,0.069316317937,0.0694222521977,0.069033826575,0.0689985151548,0.0686807123726,0.0683275981702,0.0682569753297,0.0687160237928,0.0684335324309,0.0681157296487,0.0679391725475,0.0679038611272,0.0675860583451,0.0679391725475,0.0678332382868,0.0676213697653,0.0674801240843,0.0673741898236,0.0674448126641,0.0671976327224,0.0673035669831,0.0669857642009,0.0666326499985,0.0663148472163,0.0657851759127,0.0653261274495,0.0654673731305,0.0654320617102,0.0658204873329,0.0654673731305,0.0653614388698,0.0654320617102,0.0657498644924,0.0657145530722,0.0659264215936,0.06539675029,0.0653614388698,0.0653614388698,0.0659970444341,0.0657145530722,0.0655733073912,0.0657498644924,0.0657851759127,0.0654320617102,0.0657498644924,0.0651848817685,0.0652908160293,0.0652201931888,0.065537995971,0.0652908160293,0.0647611447256,0.0650083246673,0.0650083246673,0.0646552104649,0.0645139647839,0.0645492762042,0.0642667848422,0.0635958678576,0.0638783592195,0.0644080305232,0.0641255391612,0.0644786533637,0.0645845876244,0.0646905218851,0.0648670789864,0.0652201931888,0.0649023904066,0.0647258333054,0.0644433419434,0.0646552104649,0.0643020962625,0.0643020962625,0.0644433419434,0.0643727191029,0.064231473422,0.0643374076827,0.0639842934803,0.0640196049005,0.0638077363791,0.0642667848422,0.0641961620017,0.0639842934803,0.064090227741,0.0644433419434,0.0644786533637,0.0647611447256,0.0650083246673,0.065255504609,0.0646552104649,0.0652201931888,0.06539675029,0.06539675029,0.0653261274495,0.0649023904066,0.0649730132471,0.0651142589281,0.0653614388698,0.065537995971,0.0655026845507,0.0657851759127,0.0660323558544,0.0662089129556,0.0659617330139,0.0658911101734,0.0661382901151,0.066420781477,0.066562027158,0.0670563870414,0.0669151413604,0.0667738956795,0.0668092070997,0.0665973385783,0.0663501586366,0.0665973385783,0.0665973385783,0.0659970444341,0.0661382901151,0.0663854700568,0.0661736015353,0.0657498644924,0.0659617330139,0.0662442243758,0.0662089129556,0.0663148472163,0.0662089129556,0.0666679614187,0.0669504527807,0.0673388784034,0.0674801240843,0.0671270098819,0.0674095012438,0.0676566811855,0.0674801240843,0.0673741898236,0.0673388784034,0.0672682555629,0.0669504527807,0.0667738956795,0.0669151413604,0.0667738956795,0.0668798299402,0.0666679614187,0.0668798299402,0.0671623213021,0.0669151413604,0.0672682555629,0.0671270098819,0.0670916984617,0.0670210756212,0.0669504527807,0.0670210756212,0.0665267157378,0.0667385842592,0.0671623213021,0.0672329441426,0.0666679614187,0.06684451852,0.0663501586366,0.0659970444341,0.0658911101734,0.0660676672746,0.0663854700568,0.0669504527807,0.0664560928973,0.0662089129556,0.0667738956795,0.0668092070997,0.0670916984617,0.0673035669831,0.0674095012438,0.067727304026,0.0679391725475,0.0681863524892,0.0681863524892,0.0684335324309,0.0682569753297,0.0684688438511,0.0682922867499,0.0685041552714,0.0687866466333,0.0683982210106,0.0680804182285,0.0678332382868,0.067727304026,0.0675860583451,0.0676919926058,0.0679038611272,0.0679744839677,0.0681863524892,0.0681157296487,0.0679391725475,0.0677626154463,0.0671623213021,0.0673388784034,0.0672329441426,0.0675507469248,0.0676213697653,0.0677626154463,0.0676566811855,0.0675507469248,0.0669857642009,0.0674448126641,0.0670563870414,0.0671270098819,0.0673035669831,0.0676566811855,0.0676213697653,0.0678332382868,0.0687160237928,0.0686100895321,0.0686454009523,0.0681510410689,0.0676566811855,0.0680451068082,0.0683275981702,0.068009795388,0.0688219580536,0.0688219580536,0.068892580894,0.0691397608358,0.0686807123726,0.0684688438511,0.0684688438511,0.0692810065167,0.0692103836762,0.0691397608358,0.069316317937,0.0695281864584,0.0693869407775,0.0696694321394,0.0702344148633,0.0712937574706,0.0716115602528,0.0721412315564,0.0724590343386,0.0726355914398,0.0729887056422,0.0734477541054,0.073977425409,0.0745777195532,0.0751073908568,0.0759195535224,0.076731716188,0.0767670276082,0.0775085674333,0.0771907646511,0.0774026331726,0.0774026331726,0.0780029273167,0.0788150899823,0.0800156782706,0.0798744325896,0.0810750208779,0.0814987579208,0.0817106264423,0.0819224949637,0.0822049863257,0.0828052804698,0.0823109205864,0.0829465261508,0.0834055746139,0.0840411801783,0.0846061629022,0.0847827200034,0.0849592771046,0.0853477027273,0.0850298999451,0.0851005227856,0.0856301940892,0.0862304882334,0.0871132737394,0.0876076336228,0.088066682086,0.0882432391872,0.0887375990706,0.0889141561718,0.0890200904325,0.0894438274755,0.0894438274755,0.0897969416779,0.0896910074172,0.0891260246933,0.0895497617362,0.0896203845767,0.0898322530981,0.0899381873589,0.0900441216196,0.0896556959969,0.0893378932147,0.089090713273,0.089373204635,0.0891260246933,0.0895144503159,0.0894791388957,0.0894438274755,0.0897616302576,0.0900794330398,0.0905737929232,0.0905031700828,0.0902206787208,0.0898322530981,0.0901500558803,0.0901147444601,0.0904325472423,0.0906091043435,0.090538481503,0.0909622185459,0.0909269071257,0.0909269071257,0.0911740870674,0.0916331355305,0.0917390697913,0.0917390697913,0.0920921839937,0.0925512324568,0.0931868380212,0.0936105750641,0.0936811979046,0.0939990006868,0.0937871321653,0.0931868380212,0.0933987065427,0.0936105750641,0.0937165093249,0.0939636892666,0.0945286719905,0.0945639834107,0.09445804915,0.0947758519322,0.0949170976131,0.0954467689168,0.0959764402204,0.0958705059597,0.0959411288002,0.0957998831192,0.0962589315824,0.0965061115241,0.0967179800455,0.0974242084504,0.0974948312909,0.0977420112326,0.0979891911743,0.0985188624779,0.0989779109411,0.099119156622,0.0990132223613,0.0996135165054,0.0998960078674,0.100107876389,0.100496302012,0.100778793373,0.101273153257,0.101590956039,0.101590956039,0.102438430125,0.103321215631,0.103427149892,0.104239312557,0.104980852382,0.105369278005,0.105298655165,0.106004883569,0.106675800554,0.106675800554,0.107099537597,0.106675800554,0.106675800554,0.10755858606,0.107452651799,0.107876388842,0.108441371566,0.108759174348,0.108406060146,0.108406060146,0.108723862928,0.109324157072,0.109606648434,0.11038349968,0.111442842287,0.111690022229,0.111513465127,0.111407530867,0.111795956489,0.112078447851,0.113031856198,0.113667461762,0.114267755906,0.115291787093,0.115609589876,0.115998015498,0.116810178164,0.117375160888,0.117375160888,0.118081389293,0.118752306277,0.119776337464,0.120023517406,0.120129451667,0.120800368651,0.121612531317,0.122742496765,0.123130922387,0.123024988127,0.123201545228,0.123060299547,0.122954365286,0.123095610967,0.123837150792,0.124472756356,0.124543379197,0.125108361921,0.125108361921,0.125496787544,0.125708656065,0.126167704528,0.126273638789,0.127015178614,0.127332981396,0.12789796412,0.128816061046,0.130051960755,0.130263829276,0.131358483304,0.131464417565,0.132064711709,0.132029400288,0.132841562954,0.133088742896,0.133194677157,0.133477168518,0.134430576865,0.13510149385,0.135383985212,0.136690507761,0.136867064862,0.137290801905,0.137149556224,0.137749850368,0.13806765315,0.138420767352,0.138279521672,0.139162307178,0.139656667061,0.140327584046,0.141210369552,0.141881286536,0.14241095784,0.142693449202,