# R script for Peak Model
#  -- generated by MACS
p <- c(0.0368287280323,0.0383249619048,0.0397784462381,0.0413388044194,0.0426319779806,0.0442137109315,0.0456671952647,0.0473451146788,0.0487985990121,0.0502841454998,0.0518872532203,0.0533514249383,0.054943845274,0.0564507665313,0.0578080644013,0.0592829235042,0.0607684699919,0.0619440823202,0.0634403161927,0.0650968608372,0.0667534054817,0.0683030762782,0.0699382461531,0.0712848566384,0.0729627760525,0.0733902714446,0.0736040191407,0.0736040191407,0.0738925785304,0.073967390224,0.0741704505353,0.0742559496137,0.074619320697,0.0745872585426,0.0743307613073,0.0742452622289,0.0739139533,0.0738498289912,0.0736574560647,0.0735292074471,0.073475770523,0.0735185200623,0.0735185200623,0.0735826443711,0.0735933317559,0.0735933317559,0.0735612696015,0.0736788308343,0.0735612696015,0.0735505822167,0.0738712037608,0.0736895182191,0.0736681434495,0.0736360812951,0.0739887649936,0.0736681434495,0.0737643299127,0.073475770523,0.0734543957534,0.0735612696015,0.073422333599,0.0732940849814,0.0731230868245,0.0729734634373,0.0729627760525,0.0729200265133,0.0729841508221,0.0731978985182,0.0731337742093,0.0728345274348,0.0725780301996,0.0724390941971,0.0723215329643,0.0725994049692,0.0723642825035,0.0722680960403,0.0722680960403,0.0720757231138,0.0717230394153,0.0718299132633,0.0717871637241,0.0716696024913,0.0717444141849,0.0719260997266,0.0720970978834,0.0720970978834,0.072225346501,0.0722467212707,0.0724390941971,0.0723215329643,0.0722894708099,0.072171909577,0.0721505348074,0.0721505348074,0.0721825969618,0.0722146591162,0.0722574086555,0.0723429077339,0.0723642825035,0.0722360338858,0.072225346501,0.0724925311211,0.0723215329643,0.0721825969618,0.0719902240354,0.0722680960403,0.0721291600378,0.0721932843466,0.0722680960403,0.0723215329643,0.0722680960403,0.0725887175844,0.0723856572731,0.0725245932755,0.0725139058907,0.07255665543,0.0725245932755,0.0726742166628,0.0727810905108,0.0730589625157,0.0730162129765,0.0731444615941,0.0731658363637,0.0730482751309,0.0731444615941,0.0731123994397,0.0732513354422,0.0734864579078,0.0736253939103,0.0736147065255,0.0735719569863,0.0736895182191,0.0733795840598,0.0733582092902,0.0733795840598,0.0734437083686,0.0735292074471,0.0733475219054,0.0733475219054,0.0732406480574,0.0734009588294,0.0736360812951,0.0736788308343,0.0737536425279,0.0737857046823,0.0737963920671,0.0737002056039,0.0735505822167,0.0736788308343,0.0737857046823,0.0736681434495,0.0736253939103,0.0736788308343,0.0737963920671,0.0737963920671,0.0737215803735,0.0737108929887,0.0738177668367,0.0737750172975,0.0736574560647,0.0736360812951,0.073368896675,0.0735185200623,0.0734650831382,0.0735826443711,0.0733368345206,0.0735398948319,0.0734330209838,0.0732940849814,0.0729307138981,0.0729734634373,0.0729520886677,0.0728772769741,0.0727062788172,0.0727597157412,0.0728879643589,0.0728024652804,0.0728131526652,0.0727917778956,0.07282384005,0.0728452148196,0.0729200265133,0.0731978985182,0.0731017120549,0.0733475219054,0.0732727102118,0.0731658363637,0.0733902714446,0.0734650831382,0.0738177668367,0.0739353280696,0.0739246406848,0.0739139533,0.0739780776088,0.0741490757656,0.0741170136112,0.0742986991529,0.0745765711578,0.0745979459274,0.0745872585426,0.0747048197754,0.0745979459274,0.0746834450058,0.0746086333122,0.0746620702362,0.0746086333122,0.0747155071602,0.0746834450058,0.0744055730009,0.0748010062387,0.0750040665499,0.0751536899372,0.0754529367117,0.0754315619421,0.075378125018,0.0756132474837,0.0753140007092,0.075217814246,0.0753353754788,0.0754315619421,0.0754101871724,0.07527125117,0.07527125117,0.075378125018,0.075217814246,0.0750681908587,0.075217814246,0.0750681908587,0.0751857520916,0.0751002530131,0.0750361287043,0.0748544431627,0.0746513828514,0.0748437557779,0.074726194545,0.0746941323906,0.0746086333122,0.0745338216186,0.074565883773,0.0742666369985,0.0742452622289,0.0741918253049,0.0742986991529,0.0742559496137,0.0741170136112,0.0737963920671,0.0737536425279,0.0735826443711,0.073368896675,0.0736467686799,0.0735826443711,0.0736574560647,0.0737857046823,0.0739353280696,0.0739567028392,0.0741597631505,0.0742452622289,0.0740528893024,0.0744376351553,0.073860516376,0.0739994523784,0.0739246406848,0.0736895182191,0.0738498289912,0.0741597631505,0.0742666369985,0.074512446849,0.074726194545,0.0746406954666,0.0752285016308,0.0758269951798,0.0760407428758,0.0764575508832,0.0766392364248,0.0768102345817,0.0771522308954,0.077173605665,0.0772591047434,0.0772697921282,0.0778148487532,0.0778148487532,0.0781568450669,0.0782637189149,0.0784667792262,0.0786591521527,0.0787553386159,0.0790332106208,0.0791721466232,0.0792790204713,0.0798775140202,0.0799202635595,0.0802622598732,0.0803691337212,0.0806256309565,0.0808928155766,0.0817050568216,0.0819294919025,0.0823783620642,0.0827631079172,0.0830623546916,0.0832012906941,0.0835539743926,0.0837142851646,0.0840028445543,0.084344840868,0.084676149797,0.0847616488754,0.0850822704195,0.0855097658116,0.0860655098214,0.085980010743,0.086086884591,0.0864288809047,0.0864502556743,0.0863540692111,0.0866212538312,0.0865571295223,0.0867708772184,0.0870166870689,0.0867708772184,0.0864502556743,0.0866212538312,0.0865785042919,0.0866960655248,0.0868670636816,0.0871556230713,0.0872518095346,0.0874869320002,0.0876793049267,0.0876793049267,0.087989239086,0.0879037400076,0.0882777984757,0.0883098606301,0.0884487966325,0.088534295711,0.0886732317134,0.088801480331,0.0891114144903,0.0887801055614,0.0891969135688,0.089239663108,0.0893572243408,0.0894854729585,0.0896457837305,0.0893037874168,0.0893679117256,0.0894106612648,0.0894640981889,0.0893037874168,0.089453410804,0.0892076009536,0.0892610378776,0.0892824126472,0.089186226184,0.0890900397207,0.0891541640296,0.0892182883384,0.0891755387992,0.0893358495712,0.0896671585001,0.0897312828089,0.0899129683506,0.0901694655859,0.0902763394339,0.0902442772795,0.0904580249756,0.0907893339045,0.0907252095956,0.0908000212893,0.0908855203677,0.0910244563701,0.0908213960589,0.0910351437549,0.0909710194461,0.0906397105172,0.0908000212893,0.0908427708285,0.0907252095956,0.090596960978,0.0905755862084,0.0907358969805,0.090650397902,0.0907465843653,0.0909282699069,0.0910672059094,0.0912061419118,0.0914626391471,0.0914626391471,0.0917618859216,0.0918153228456,0.091954258848,0.0918366976152,0.0915802003799,0.0914092022231,0.0916443246887,0.091793948076,0.0917191363824,0.0919221966936,0.0921252570049,0.0921359443897,0.0924031290098,0.0927023757843,0.0928626865563,0.0931298711764,0.0930123099436,0.0934932422597,0.0937283647254,0.0937604268798,0.0935146170293,0.0934718674901,0.0937390521102,0.0938993628822,0.0941344853479,0.0944123573528,0.0944764816616,0.0945619807401,0.0945406059704,0.0949787887474,0.0952780355219,0.0956627813748,0.095705530914,0.0961757758454,0.0961116515365,0.0963253992326,0.0965712090831,0.0967422072399,0.0971697026321,0.0976933844874,0.0977788835659,0.0980353808011,0.0983239401908,0.0986552491197,0.0989224337398,0.0990613697423,0.09945680298,0.099617113752,0.0997026128305,0.0997774245241,0.0999270479113,0.0997667371393,0.0999377352961,0.100140795607,0.100386605458,0.100760663926,0.10083547562,0.101038535931,0.10134847009,0.101626342095,0.101829402406,0.102374459031,0.102513395034,0.10245995811,0.102417208571,0.102513395034,0.102876766117,0.102716455345,0.103069139044,0.103304261509,0.103763819056,0.104148564909,0.104501248607,0.104576060301,0.104543998146,0.104768433227,0.10517455385,0.105452425855,0.10595473294,0.106275354485,0.106371540948,0.106403603102,0.107023471421,0.107269281271,0.107718151433,0.108241833288,0.108680016065,0.108989950225,0.109107511457,0.109171635766,0.109321259153,0.10951363208,0.109727379776,0.109887690548,0.110154875168,0.110507558867,0.110657182254,0.111234301033,0.111683171195,0.112142728742,0.112709160136,0.113136655528,0.113681712153,0.114376392165,0.114664951555,0.11496419833,0.115541317109,0.115926062962,0.116503181741,0.116759678977,0.117176486984,0.117379547295,0.117871166996,0.118384161467,0.118875781168,