# R script for Peak Model
#  -- generated by MACS
p <- c(0.0384477795571,0.0400859892948,0.0412895719592,0.0428943488451,0.0440979315095,0.0452680813221,0.0469062910597,0.0483773365384,0.04971465061,0.0515534574584,0.0531248014924,0.0548967426373,0.056200623857,0.0575045050768,0.0586746548894,0.0604465960342,0.0621851043272,0.0635558512506,0.0647928667667,0.0664310765044,0.0675343606134,0.0694400331654,0.0705098844226,0.0721815270121,0.0734854082318,0.0736860053426,0.0732848111211,0.0735188410836,0.07345197538,0.0734854082318,0.0738197367497,0.0741206324158,0.0742209309712,0.074254363823,0.074087199564,0.073619139639,0.0737863038979,0.0734854082318,0.0731510797139,0.0734854082318,0.07345197538,0.0737863038979,0.073619139639,0.0737528710461,0.0734854082318,0.0731845125657,0.0730173483068,0.0724489898264,0.0723152584192,0.071713467087,0.0715463028281,0.0713122728656,0.0711451086066,0.0707439143852,0.0707773472369,0.0706770486816,0.0703761530155,0.0700418244976,0.0700083916458,0.0695737645725,0.0694734660172,0.0690388389439,0.0692060032029,0.0692728689064,0.0697409288315,0.06933973461,0.0689385403886,0.068871674685,0.068871674685,0.068704510426,0.0687713761296,0.0679689876867,0.0683033162046,0.0679355548349,0.0678686891313,0.0679021219831,0.0680024205385,0.0676680920206,0.0675009277616,0.0670328678366,0.0670997335402,0.0670663006884,0.0668991364294,0.0666316736151,0.0660967479865,0.0659630165794,0.0657289866168,0.065695553765,0.0662304793937,0.0659295837276,0.0656621209133,0.0652943595436,0.0658292851722,0.0657958523204,0.0656286880615,0.0653277923954,0.0652943595436,0.0656286880615,0.0657624194686,0.0659630165794,0.0661970465419,0.0660633151347,0.0663642108008,0.0667988378741,0.0665982407633,0.0665648079116,0.0662304793937,0.0663642108008,0.0664310765044,0.0661970465419,0.0655618223579,0.0654949566543,0.0654615238025,0.0654280909507,0.0650603295811,0.0648931653221,0.0647260010632,0.0648597324703,0.0648931653221,0.0645588368042,0.0647928667667,0.0650937624328,0.0649600310257,0.0652609266918,0.0654949566543,0.0653277923954,0.0652943595436,0.0652609266918,0.0653612252472,0.0653946580989,0.0652943595436,0.0649265981739,0.0648931653221,0.0649934638775,0.0650937624328,0.0651606281364,0.06522749384,0.0652943595436,0.0649265981739,0.0650937624328,0.0650603295811,0.0651606281364,0.0649600310257,0.0652609266918,0.0655952552097,0.0661636136901,0.0663642108008,0.0662639122455,0.0661970465419,0.0660967479865,0.0661636136901,0.0660967479865,0.0662639122455,0.0657289866168,0.0658961508758,0.0664310765044,0.0666316736151,0.0668657035776,0.0668657035776,0.066966002133,0.0674006292063,0.0673003306509,0.0671665992437,0.0672000320955,0.0673671963545,0.0674006292063,0.0681027190938,0.0680024205385,0.0681361519456,0.0684704804635,0.0685373461671,0.0685039133153,0.0686042118707,0.0683701819081,0.0681361519456,0.0681695847974,0.0685039133153,0.0681361519456,0.0682698833528,0.068704510426,0.0686710775742,0.0690722717957,0.0689719732403,0.0689051075368,0.0690054060921,0.0692060032029,0.06933973461,0.0698412273869,0.0699080930904,0.0700083916458,0.0700418244976,0.0697074959797,0.06933973461,0.0686710775742,0.0683701819081,0.0679355548349,0.0679355548349,0.0678018234277,0.0676680920206,0.0675343606134,0.0672334649473,0.0668991364294,0.0668322707259,0.067133166392,0.0670997335402,0.0668322707259,0.067133166392,0.0672334649473,0.0672334649473,0.0673003306509,0.0674006292063,0.0679021219831,0.0679021219831,0.0679021219831,0.0678018234277,0.0678352562795,0.0670997335402,0.0672000320955,0.0668991364294,0.0668991364294,0.0670997335402,0.0667319721705,0.0669325692812,0.0670997335402,0.0675677934652,0.0675343606134,0.0673671963545,0.0677349577242,0.0677683905759,0.0677015248724,0.0677015248724,0.0674006292063,0.0676680920206,0.0678018234277,0.0679689876867,0.0680024205385,0.068236450501,0.0681695847974,0.0678352562795,0.0679021219831,0.068069286242,0.068704510426,0.0690054060921,0.0694734660172,0.0693063017582,0.0695403317208,0.0692728689064,0.0696740631279,0.070142123053,0.0703092873119,0.0704764515708,0.0712788400138,0.0711785414584,0.0714125714209,0.0717803327906,0.0717803327906,0.071880631346,0.0714460042727,0.0717468999388,0.0718471984942,0.072348691271,0.0720812284567,0.0721815270121,0.0721146613085,0.0720143627531,0.0724155569746,0.0727498854925,0.0726495869371,0.0730507811586,0.0735188410836,0.0737863038979,0.0744215280819,0.0741874981194,0.0744549609337,0.0742877966748,0.0747558565998,0.0749564537105,0.0753910807838,0.0753242150802,0.0757254093017,0.0758257078571,0.0759260064124,0.0761266035232,0.0760931706714,0.0762937677821,0.0766615291518,0.0768286934107,0.0774639175947,0.0781994403341,0.0782328731858,0.0779319775198,0.077898544668,0.077898544668,0.0784334702966,0.0793695901467,0.0798042172199,0.0804060085521,0.080907501329,0.0808406356254,0.0815427255129,0.0820776511416,0.0823785468077,0.0826125767702,0.0828800395845,0.0836489951756,0.0840836222489,0.08391645799,0.0843176522114,0.0842507865078,0.0845182493221,0.0842842193596,0.0847188464329,0.0847857121365,0.0852203392097,0.0857552648383,0.0860561605044,0.0864907875777,0.0864907875777,0.0866579518366,0.0865910861331,0.0864907875777,0.0864239218741,0.0864907875777,0.086290190467,0.0864573547259,0.0868585489474,0.0871260117617,0.0870925789099,0.0871928774653,0.087226310317,0.0876943702421,0.0881624301671,0.0883295944261,0.0886304900922,0.0887642214993,0.0890985500172,0.0893325799797,0.0889982514619,0.089299147128,0.0895331770905,0.0904692969406,0.0903689983852,0.0907701926067,0.0904692969406,0.0902686998298,0.090235266978,0.0906030283477,0.0904692969406,0.0905361626441,0.0902686998298,0.0900346698673,0.0894328785351,0.0898675056084,0.0899678041637,0.089767207053,0.0898340727566,0.0907701926067,0.0910042225692,0.0911379539763,0.0910042225692,0.0913385510871,0.0912382525317,0.0911713868281,0.091037655421,0.0911045211245,0.0912716853835,0.0912382525317,0.0917397453085,0.0918734767157,0.09214093953,0.0916394467532,0.0919737752711,0.0924084023443,0.0931104922319,0.0934448207498,0.093244223639,0.0933110893426,0.0935451193051,0.0938460149712,0.0941803434891,0.0939797463784,0.0945481048588,0.0941469106373,0.0944143734516,0.0947487019695,0.0943809405999,0.094046612082,0.0941469106373,0.093879447823,0.0942472091927,0.0939128806748,0.0944478063034,0.0949492990803,0.0954507918571,0.0955845232642,0.0959522846339,0.0958519860786,0.0961863145964,0.0962531803,0.0965875088179,0.0972227330019,0.0979582557413,0.0982591514074,0.0984263156663,0.0985600470735,0.0988609427396,0.0982925842591,0.0981254200002,0.0989278084431,0.0994627340718,0.0995964654789,0.0999976597004,0.100866913847,0.101334973772,0.101334973772,0.101435272327,0.10166930229,0.102204227918,0.102371392177,0.102538556436,0.103508109138,0.103307512027,0.103374377731,0.103240646324,0.103374377731,0.103675273397,0.104410796136,0.104611393247,0.104778557506,0.10504602032,0.105346915987,0.105179751728,0.105580945949,0.105346915987,0.105681244504,0.10614930443,0.106985125724,0.107152289983,0.107586917056,0.107520051353,0.107887812723,0.107820947019,0.107386319946,0.107453185649,0.107854379871,0.107854379871,0.107988111278,0.108121842685,0.108556469758,0.108422738351,0.10822214124,0.108322439796,0.107820947019,0.107887812723,0.108255574092,0.108890798276,0.10952602246,0.110529008014,0.110395276607,0.11046214231,0.111063933642,0.111097366494,0.11082990368,0.111097366494,0.112033486344,0.1121337849,0.11233438201,0.112401247714,0.112969606194,0.113237069009,0.11306990475,0.1140060246,0.114240054562,0.114072890303,0.115209607264,0.115477070079,0.11530990582,0.115844831448,0.116647219891,0.116780951298,0.117382742631,0.117683638297,0.118519459591,0.119188116627,0.119355280886,0.120124236477,0.120324833588,0.120491997847,0.121227520586,0.121561849104,0.122899163176,0.124169611544,0.124838268579,0.125640657022,0.125908119837,0.126877672539,0.127579762426,0.127947523796,0.128482449424,0.129351703571,0.129786330644,0.130689017643,0.132059764566,0.132494391639,0.133096182971,0.133430511489,